>VNAGGKCAAAGGTCA	PPARa(NR),DR1/Liver-Ppara-ChIP-Seq(GSE47954)/Homer	7.013265	-5.776481	0	T:209.0(12.54%),B:21435.1(10.41%),P:1e-2
0.254	0.338	0.232	0.176
0.284	0.188	0.202	0.326
0.527	0.021	0.369	0.083
0.124	0.001	0.787	0.088
0.149	0.021	0.711	0.119
0.136	0.162	0.343	0.359
0.117	0.606	0.159	0.118
0.921	0.035	0.029	0.015
0.677	0.045	0.258	0.020
0.872	0.001	0.126	0.001
0.036	0.001	0.947	0.016
0.077	0.006	0.718	0.199
0.067	0.117	0.209	0.607
0.065	0.653	0.129	0.153
0.733	0.073	0.083	0.111
