>BACH2	BACH2	10.880677402849322
0.191	0.26	0.36	0.19
0.45	0.274	0.223	0.053
0.006	0.01	0.005	0.979
0.012	0.007	0.943	0.038
0.972	0.01	0.008	0.011
0.039	0.76	0.154	0.047
0.058	0.008	0.016	0.918
0.032	0.949	0.007	0.011
0.957	0.007	0.016	0.02
0.024	0.025	0.865	0.086
0.042	0.887	0.045	0.026
0.704	0.084	0.09	0.121
0.27	0.213	0.264	0.252
