>CTCFL	CTCFL	10.998458439974975
0.071	0.784	0.097	0.048
0.379	0.168	0.286	0.167
0.103	0.527	0.328	0.042
0.057	0.76	0.061	0.123
0.954	0.019	0.017	0.01
0.009	0.011	0.974	0.007
0.064	0.016	0.91	0.009
0.03	0.037	0.874	0.059
0.014	0.02	0.957	0.009
0.014	0.015	0.95	0.021
0.013	0.977	0.004	0.005
0.456	0.083	0.419	0.042
0.081	0.427	0.391	0.101
