>CTCF	CTCF	14.536340113079262
0.095	0.319	0.083	0.503
0.183	0.159	0.453	0.205
0.308	0.054	0.492	0.147
0.061	0.876	0.023	0.039
0.009	0.989	0.0	0.002
0.815	0.014	0.071	0.1
0.044	0.578	0.366	0.012
0.117	0.475	0.053	0.355
0.933	0.012	0.035	0.02
0.005	0.0	0.991	0.003
0.366	0.003	0.621	0.01
0.059	0.013	0.553	0.374
0.013	0.0	0.978	0.009
0.062	0.009	0.852	0.078
0.114	0.806	0.006	0.074
0.409	0.014	0.558	0.019
0.09	0.531	0.338	0.041
0.129	0.355	0.08	0.436
