>EGR4	EGR4	11.83941414319536
0.209	0.261	0.18	0.35
0.209	0.304	0.096	0.39
0.551	0.387	0.03	0.032
0.02	0.887	0.03	0.063
0.063	0.054	0.802	0.08
0.002	0.965	0.014	0.019
0.025	0.936	0.023	0.016
0.0	0.948	0.024	0.028
0.718	0.168	0.056	0.058
0.009	0.916	0.024	0.051
0.025	0.196	0.751	0.028
0.002	0.914	0.038	0.046
0.682	0.124	0.123	0.071
0.324	0.264	0.077	0.335
0.259	0.143	0.115	0.483
