>FOXK1	FOXK1	9.1986910303529
0.312	0.174	0.244	0.27
0.394	0.166	0.256	0.185
0.234	0.134	0.258	0.374
0.135	0.027	0.822	0.016
0.057	0.005	0.042	0.897
0.95	0.035	0.009	0.006
0.946	0.035	0.01	0.009
0.968	0.012	0.009	0.01
0.009	0.907	0.011	0.072
0.961	0.015	0.011	0.012
0.485	0.188	0.193	0.134
0.175	0.19	0.538	0.097
0.229	0.255	0.343	0.173
