>GRHL2	GRHL2	10.368860482913508
0.225	0.157	0.455	0.163
0.297	0.272	0.166	0.266
0.305	0.404	0.148	0.143
0.669	0.108	0.096	0.127
0.893	0.014	0.053	0.041
0.917	0.013	0.035	0.035
0.008	0.971	0.012	0.008
0.065	0.863	0.023	0.049
0.731	0.025	0.089	0.155
0.005	0.017	0.968	0.009
0.036	0.041	0.017	0.906
0.049	0.074	0.021	0.855
0.175	0.264	0.142	0.419
0.218	0.199	0.243	0.34
