>IRF1	IRF1	15.715777985854789
0.232	0.235	0.195	0.338
0.184	0.209	0.184	0.423
0.127	0.238	0.156	0.479
0.101	0.316	0.109	0.474
0.54	0.074	0.265	0.121
0.018	0.581	0.372	0.029
0.009	0.0	0.0	0.991
0.0	0.023	0.0	0.977
0.0	0.041	0.003	0.956
0.0	0.917	0.0	0.083
0.67	0.029	0.175	0.126
0.015	0.578	0.253	0.154
0.012	0.001	0.0	0.988
0.005	0.01	0.004	0.981
0.008	0.043	0.0	0.949
0.012	0.751	0.021	0.216
0.377	0.18	0.193	0.25
0.16	0.341	0.214	0.286
0.106	0.137	0.084	0.673
0.145	0.142	0.073	0.64
