>IRF3	IRF3	18.253044671926766
0.203	0.27	0.346	0.182
0.157	0.31	0.404	0.129
0.325	0.027	0.568	0.081
0.571	0.001	0.401	0.028
0.762	0.003	0.145	0.09
0.961	0.011	0.01	0.019
0.344	0.354	0.135	0.166
0.008	0.195	0.715	0.081
0.005	0.0	0.993	0.001
0.996	0.001	0.003	0.001
0.993	0.001	0.003	0.003
0.98	0.001	0.002	0.016
0.02	0.883	0.055	0.042
0.029	0.739	0.137	0.095
0.014	0.0	0.986	0.0
0.987	0.007	0.004	0.001
0.971	0.003	0.002	0.024
0.954	0.004	0.003	0.039
0.026	0.803	0.148	0.023
0.106	0.3	0.114	0.48
