>MAFF	MAFF	16.52546497238442
0.383	0.119	0.197	0.301
0.438	0.096	0.105	0.361
0.325	0.102	0.101	0.472
0.217	0.163	0.133	0.487
0.096	0.047	0.05	0.808
0.043	0.05	0.867	0.039
0.11	0.818	0.03	0.042
0.067	0.036	0.009	0.889
0.057	0.026	0.832	0.085
0.882	0.023	0.02	0.076
0.091	0.229	0.59	0.091
0.038	0.02	0.023	0.919
0.082	0.85	0.02	0.048
0.916	0.004	0.031	0.049
0.037	0.044	0.774	0.144
0.055	0.836	0.057	0.052
0.779	0.059	0.058	0.104
0.476	0.131	0.168	0.226
0.475	0.105	0.114	0.306
0.354	0.108	0.106	0.432
