>MAFG	MAFG	15.221296395353072
0.441	0.12	0.192	0.247
0.485	0.071	0.106	0.338
0.406	0.125	0.114	0.355
0.296	0.171	0.225	0.308
0.056	0.17	0.021	0.753
0.006	0.011	0.981	0.003
0.1	0.87	0.002	0.028
0.068	0.08	0.022	0.83
0.046	0.024	0.812	0.118
0.863	0.049	0.019	0.068
0.081	0.391	0.441	0.086
0.058	0.016	0.067	0.859
0.121	0.788	0.033	0.057
0.792	0.023	0.104	0.082
0.023	0.003	0.889	0.084
0.003	0.962	0.024	0.011
0.69	0.018	0.22	0.073
0.325	0.187	0.158	0.329
0.409	0.092	0.145	0.353
0.401	0.101	0.092	0.406
