>MAFK	MAFK	15.153544280768298
0.468	0.088	0.107	0.337
0.398	0.096	0.111	0.395
0.251	0.18	0.151	0.418
0.094	0.059	0.042	0.805
0.036	0.049	0.886	0.029
0.108	0.846	0.012	0.035
0.065	0.048	0.008	0.879
0.058	0.026	0.832	0.085
0.891	0.018	0.019	0.071
0.082	0.283	0.552	0.083
0.039	0.02	0.02	0.922
0.083	0.857	0.016	0.043
0.913	0.004	0.039	0.044
0.029	0.012	0.832	0.126
0.036	0.88	0.051	0.033
0.791	0.046	0.061	0.101
0.409	0.144	0.183	0.264
0.396	0.11	0.105	0.389
