>MITF	MITF	11.78849966767369
0.257	0.239	0.236	0.269
0.262	0.238	0.251	0.249
0.401	0.13	0.204	0.265
0.272	0.076	0.467	0.185
0.205	0.077	0.699	0.02
0.031	0.071	0.04	0.858
0.002	0.992	0.004	0.002
0.982	0.006	0.003	0.009
0.002	0.779	0.014	0.204
0.204	0.014	0.779	0.002
0.009	0.003	0.006	0.982
0.002	0.004	0.992	0.002
0.858	0.04	0.071	0.031
0.02	0.699	0.077	0.205
0.185	0.467	0.076	0.272
0.265	0.204	0.13	0.401
0.249	0.251	0.238	0.262
