>PBX3	PBX3	11.374391738826954
0.227	0.244	0.312	0.217
0.215	0.246	0.275	0.264
0.188	0.263	0.275	0.274
0.085	0.032	0.072	0.811
0.032	0.032	0.912	0.023
0.915	0.018	0.03	0.036
0.048	0.112	0.702	0.138
0.035	0.028	0.041	0.896
0.021	0.034	0.933	0.012
0.878	0.015	0.086	0.021
0.021	0.929	0.03	0.02
0.868	0.018	0.061	0.054
0.053	0.059	0.811	0.078
0.126	0.196	0.581	0.097
0.178	0.378	0.227	0.217
0.266	0.231	0.295	0.209
