>POU1F1	POU1F1	11.471290378193586
0.569	0.116	0.128	0.187
0.463	0.05	0.077	0.41
0.106	0.032	0.042	0.82
0.97	0.006	0.015	0.009
0.02	0.033	0.011	0.936
0.012	0.005	0.908	0.075
0.033	0.727	0.056	0.183
0.59	0.006	0.003	0.401
0.923	0.005	0.036	0.037
0.994	0.005	0.0	0.001
0.033	0.016	0.018	0.933
0.086	0.093	0.324	0.497
0.769	0.063	0.07	0.099
