>POU3F3	POU3F3	10.353870068869043
0.534	0.07	0.127	0.269
0.352	0.033	0.105	0.51
0.097	0.043	0.048	0.812
0.953	0.01	0.011	0.027
0.021	0.028	0.041	0.91
0.018	0.008	0.901	0.072
0.018	0.688	0.075	0.219
0.467	0.004	0.001	0.528
0.866	0.009	0.062	0.063
0.969	0.005	0.013	0.013
0.046	0.017	0.01	0.927
0.142	0.083	0.14	0.636
