>POU4F3	POU4F3	12.439291944122122
0.424	0.162	0.221	0.194
0.058	0.064	0.06	0.819
0.148	0.052	0.653	0.148
0.47	0.507	0.006	0.017
0.94	0.012	0.01	0.038
0.023	0.005	0.006	0.966
0.623	0.026	0.027	0.324
0.774	0.03	0.031	0.164
0.096	0.022	0.037	0.845
0.107	0.015	0.043	0.835
0.573	0.12	0.146	0.161
0.981	0.005	0.007	0.006
0.047	0.079	0.04	0.835
0.131	0.111	0.529	0.228
0.486	0.217	0.142	0.156
