>POU4F1	POU4F1	10.959485025022786
0.441	0.189	0.198	0.173
0.038	0.058	0.031	0.874
0.172	0.063	0.641	0.125
0.493	0.476	0.008	0.022
0.933	0.015	0.008	0.044
0.025	0.004	0.004	0.967
0.643	0.023	0.033	0.301
0.763	0.032	0.038	0.167
0.119	0.027	0.033	0.821
0.099	0.018	0.066	0.816
0.533	0.126	0.131	0.21
0.968	0.011	0.016	0.005
0.07	0.091	0.056	0.784
