>POU4F2	POU4F2	15.018056609514975
0.459	0.147	0.237	0.157
0.036	0.04	0.017	0.907
0.051	0.009	0.918	0.022
0.319	0.679	0.001	0.001
0.993	0.002	0.001	0.004
0.0	0.0	0.0	1.0
0.914	0.003	0.004	0.079
0.75	0.023	0.015	0.211
0.026	0.019	0.01	0.945
0.102	0.003	0.003	0.893
0.907	0.008	0.069	0.017
0.996	0.001	0.003	0.0
0.007	0.01	0.024	0.959
0.036	0.047	0.615	0.301
0.807	0.061	0.071	0.062
