>REST	REST	19.148599859289142
0.133	0.109	0.23	0.528
0.036	0.168	0.091	0.704
0.048	0.855	0.031	0.066
0.906	0.019	0.059	0.016
0.021	0.027	0.945	0.006
0.076	0.609	0.201	0.113
0.981	0.004	0.007	0.007
0.002	0.988	0.007	0.003
0.022	0.922	0.012	0.044
0.569	0.125	0.101	0.205
0.137	0.234	0.077	0.552
0.024	0.004	0.967	0.004
0.012	0.003	0.983	0.001
0.877	0.07	0.021	0.032
0.008	0.8	0.146	0.046
0.984	0.006	0.004	0.006
0.026	0.008	0.96	0.006
0.129	0.632	0.115	0.124
0.23	0.019	0.432	0.318
0.134	0.587	0.201	0.079
