>RFX3	RFX3	13.430539516928622
0.133	0.352	0.301	0.214
0.088	0.001	0.905	0.005
0.014	0.026	0.013	0.947
0.186	0.12	0.004	0.689
0.296	0.042	0.534	0.128
0.003	0.883	0.028	0.086
0.0	0.778	0.002	0.219
0.886	0.018	0.027	0.07
0.066	0.014	0.012	0.907
0.233	0.002	0.764	0.0
0.172	0.021	0.806	0.001
0.156	0.497	0.051	0.295
0.714	0.004	0.137	0.144
0.961	0.008	0.026	0.005
0.006	0.942	0.002	0.05
