>RFX4	RFX4	12.61087443541874
0.189	0.357	0.248	0.207
0.123	0.001	0.863	0.013
0.028	0.026	0.014	0.932
0.33	0.136	0.006	0.528
0.309	0.034	0.488	0.169
0.0	0.85	0.002	0.148
0.0	0.715	0.004	0.281
0.789	0.065	0.072	0.074
0.055	0.038	0.03	0.878
0.164	0.004	0.833	0.0
0.236	0.03	0.729	0.006
0.121	0.518	0.009	0.352
0.564	0.008	0.113	0.315
0.965	0.014	0.018	0.002
0.004	0.962	0.001	0.033
