>SIX2	SIX2	11.712466129891137
0.307	0.226	0.21	0.257
0.295	0.228	0.225	0.253
0.177	0.534	0.152	0.138
0.154	0.039	0.103	0.704
0.03	0.01	0.929	0.031
0.656	0.058	0.05	0.235
0.896	0.048	0.012	0.044
0.967	0.007	0.014	0.012
0.035	0.801	0.031	0.133
0.107	0.765	0.036	0.092
0.06	0.054	0.032	0.854
0.059	0.021	0.886	0.034
0.954	0.014	0.016	0.017
0.101	0.113	0.219	0.567
0.443	0.332	0.103	0.122
