>TBX19	TBX19	16.14044994283495
0.264	0.139	0.205	0.393
0.182	0.104	0.193	0.521
0.007	0.023	0.005	0.965
0.276	0.493	0.183	0.048
0.618	0.012	0.319	0.05
0.002	0.987	0.003	0.007
0.94	0.002	0.057	0.001
0.068	0.758	0.039	0.136
0.225	0.441	0.21	0.124
0.103	0.082	0.054	0.761
0.748	0.042	0.107	0.103
0.131	0.17	0.481	0.218
0.141	0.03	0.761	0.068
0.002	0.064	0.006	0.929
0.006	0.0	0.991	0.003
0.066	0.288	0.017	0.629
0.041	0.099	0.647	0.213
0.963	0.003	0.026	0.007
0.572	0.142	0.13	0.156
