>TEAD2	TEAD2	8.360534969356916
0.253	0.268	0.207	0.273
0.162	0.439	0.149	0.249
0.814	0.031	0.129	0.026
0.072	0.882	0.026	0.02
0.954	0.009	0.02	0.017
0.004	0.018	0.011	0.967
0.028	0.015	0.017	0.941
0.015	0.923	0.018	0.044
0.015	0.946	0.006	0.033
0.485	0.111	0.103	0.301
0.207	0.205	0.382	0.207
0.205	0.317	0.271	0.207
