>TP53	TP53	16.025958634413705
0.433	0.06	0.377	0.13
0.762	0.008	0.176	0.053
0.002	0.957	0.001	0.041
0.882	0.015	0.048	0.055
0.081	0.018	0.006	0.895
0.0	0.0	1.0	0.0
0.013	0.617	0.006	0.365
0.057	0.801	0.019	0.122
0.06	0.627	0.114	0.199
0.221	0.085	0.572	0.122
0.151	0.032	0.752	0.065
0.44	0.002	0.546	0.012
0.0	1.0	0.0	0.0
0.892	0.017	0.011	0.08
0.092	0.006	0.004	0.898
0.016	0.002	0.98	0.003
0.04	0.15	0.005	0.805
