>TP73	TP73	13.391192766278852
0.314	0.027	0.338	0.321
0.612	0.042	0.326	0.02
0.0	1.0	0.0	0.0
0.909	0.013	0.058	0.021
0.234	0.018	0.049	0.699
0.001	0.002	0.997	0.0
0.009	0.176	0.006	0.809
0.105	0.624	0.06	0.21
0.187	0.254	0.193	0.366
0.293	0.203	0.298	0.206
0.301	0.033	0.589	0.076
0.828	0.012	0.121	0.038
0.0	1.0	0.0	0.0
0.788	0.011	0.022	0.179
0.017	0.402	0.009	0.572
0.001	0.013	0.983	0.003
0.066	0.459	0.012	0.463
