>ZIC4	ZIC4	11.51299006258817
0.077	0.124	0.548	0.251
0.558	0.15	0.288	0.004
0.094	0.861	0.016	0.029
0.062	0.858	0.036	0.044
0.159	0.712	0.058	0.071
0.003	0.997	0.0	0.0
0.037	0.96	0.0	0.004
0.007	0.667	0.002	0.324
0.182	0.011	0.796	0.011
0.007	0.638	0.071	0.285
0.144	0.118	0.26	0.477
0.048	0.003	0.937	0.012
0.185	0.275	0.158	0.383
0.012	0.073	0.729	0.186
