>ZNF263	ZNF263	15.96927241884374
0.155	0.019	0.727	0.098
0.302	0.0	0.698	0.0
0.73	0.0	0.184	0.086
0.03	0.0	0.907	0.063
0.066	0.114	0.817	0.003
0.914	0.036	0.003	0.047
0.103	0.055	0.739	0.103
0.102	0.094	0.752	0.053
0.533	0.064	0.362	0.042
0.337	0.101	0.462	0.1
0.203	0.07	0.622	0.105
0.433	0.039	0.442	0.086
0.274	0.041	0.584	0.101
0.27	0.106	0.594	0.031
0.521	0.062	0.314	0.103
0.251	0.0	0.634	0.115
0.206	0.0	0.751	0.043
0.545	0.0	0.387	0.068
0.343	0.014	0.586	0.057
0.267	0.043	0.645	0.046
