>ZNF24	ZNF24	12.264902859029345
0.088	0.732	0.058	0.122
0.774	0.078	0.084	0.064
0.041	0.09	0.032	0.837
0.019	0.023	0.02	0.938
0.014	0.95	0.005	0.031
0.963	0.009	0.021	0.006
0.004	0.038	0.005	0.952
0.008	0.014	0.008	0.97
0.015	0.947	0.004	0.034
0.946	0.017	0.025	0.012
0.043	0.088	0.035	0.833
0.042	0.091	0.045	0.822
