>NFIL3	NFIL3	10.646359642117437
0.043	0.0	0.0	0.957
0.0	0.0	0.087	0.913
0.957	0.0	0.0	0.043
0.0	0.348	0.0	0.652
0.087	0.0	0.913	0.0
0.0	0.0	0.0	1.0
1.0	0.0	0.0	0.0
0.957	0.0	0.043	0.0
0.0	0.478	0.174	0.348
0.304	0.217	0.304	0.174
>FOXF2	FOXF2	12.569751707546532
0.037	0.37	0.259	0.333
0.37	0.259	0.185	0.185
0.63	0.148	0.074	0.148
0.464	0.179	0.179	0.179
0.136	0.5	0.364	0.0
0.259	0.0	0.741	0.0
0.0	0.0	0.0	1.0
1.0	0.0	0.0	0.0
1.0	0.0	0.0	0.0
1.0	0.0	0.0	0.0
0.0	0.926	0.0	0.074
1.0	0.0	0.0	0.0
0.593	0.148	0.074	0.185
>FOXD1	FOXD1	8.822625888283108
0.05	0.05	0.85	0.05
0.0	0.0	0.0	1.0
0.95	0.05	0.0	0.0
1.0	0.0	0.0	0.0
0.9	0.05	0.05	0.0
0.05	0.9	0.0	0.05
1.0	0.0	0.0	0.0
>IRF2	IRF2	16.662569177485715
0.0	0.333	0.583	0.083
0.167	0.0	0.833	0.0
1.0	0.0	0.0	0.0
0.917	0.0	0.0	0.083
1.0	0.0	0.0	0.0
0.167	0.0	0.833	0.0
0.0	0.5	0.0	0.5
0.0	0.0	1.0	0.0
1.0	0.0	0.0	0.0
1.0	0.0	0.0	0.0
1.0	0.0	0.0	0.0
0.0	0.5	0.5	0.0
0.0	0.583	0.167	0.25
0.417	0.167	0.25	0.167
0.5	0.0	0.167	0.333
0.5	0.083	0.083	0.333
0.417	0.167	0.083	0.333
>MZF1	MZF1	5.523247750009192
0.15	0.25	0.2	0.4
0.0	0.0	0.95	0.05
0.1	0.0	0.9	0.0
0.0	0.0	0.95	0.05
0.0	0.0	1.0	0.0
>PPARG	PPARG	18.814708590730735
0.107	0.286	0.5	0.107
0.107	0.0	0.0	0.893
0.679	0.0	0.321	0.0
0.0	0.036	0.964	0.0
0.036	0.0	0.929	0.036
0.0	0.036	0.143	0.821
0.071	0.821	0.107	0.0
0.929	0.036	0.0	0.036
0.179	0.536	0.143	0.143
0.179	0.25	0.357	0.214
0.143	0.071	0.643	0.143
0.036	0.0	0.071	0.893
0.071	0.179	0.714	0.036
0.786	0.179	0.0	0.036
0.036	0.964	0.0	0.0
0.0	0.893	0.0	0.107
0.107	0.429	0.0	0.464
0.786	0.179	0.0	0.036
0.179	0.429	0.214	0.179
>PBX1	PBX1	11.913659205383539
0.278	0.333	0.111	0.278
0.167	0.5	0.167	0.167
0.889	0.056	0.056	0.0
0.056	0.056	0.0	0.889
0.0	1.0	0.0	0.0
0.944	0.056	0.0	0.0
0.944	0.0	0.0	0.056
0.0	0.0	0.056	0.944
0.0	1.0	0.0	0.0
0.889	0.056	0.0	0.056
0.667	0.0	0.056	0.278
>RORA	RORA	9.251636304541803
0.6	0.04	0.08	0.28
0.36	0.04	0.0	0.6
0.24	0.48	0.16	0.12
0.44	0.08	0.2	0.28
0.84	0.0	0.16	0.0
0.0	0.0	1.0	0.0
0.0	0.0	1.0	0.0
0.0	0.0	0.0	1.0
0.0	1.0	0.0	0.0
>RREB1	RREB1	18.758623972504754
0.273	0.727	0.0	0.0
0.091	0.909	0.0	0.0
0.273	0.727	0.0	0.0
0.0	1.0	0.0	0.0
0.636	0.364	0.0	0.0
0.818	0.182	0.0	0.0
0.727	0.273	0.0	0.0
0.364	0.545	0.0	0.091
0.0	1.0	0.0	0.0
1.0	0.0	0.0	0.0
0.364	0.636	0.0	0.0
0.091	0.909	0.0	0.0
0.273	0.727	0.0	0.0
0.364	0.545	0.091	0.0
0.182	0.818	0.0	0.0
0.364	0.455	0.0	0.182
0.364	0.455	0.091	0.091
0.364	0.545	0.0	0.091
0.091	0.636	0.273	0.0
>SOX9	SOX9	8.685210281205563
0.039	0.724	0.118	0.118
0.105	0.5	0.079	0.316
0.934	0.013	0.0	0.053
0.026	0.013	0.026	0.934
0.092	0.0	0.053	0.855
0.026	0.026	0.947	0.0
0.171	0.0	0.053	0.776
0.118	0.092	0.079	0.711
>SPIB	SPIB	6.200992952417864
0.633	0.0	0.0	0.367
0.082	0.286	0.592	0.041
0.49	0.327	0.143	0.041
0.041	0.0	0.959	0.0
0.02	0.0	0.959	0.02
0.98	0.0	0.0	0.02
>REL	REL	8.517450059891615
0.0	0.294	0.471	0.235
0.0	0.059	0.882	0.059
0.059	0.0	0.882	0.059
0.294	0.059	0.529	0.118
0.353	0.294	0.176	0.176
0.294	0.059	0.059	0.588
0.059	0.0	0.0	0.941
0.118	0.0	0.0	0.882
0.0	0.882	0.0	0.118
>RELA	RELA	10.091635048329318
0.0	0.222	0.611	0.167
0.0	0.0	0.944	0.056
0.0	0.0	1.0	0.0
0.611	0.0	0.389	0.0
0.556	0.167	0.222	0.056
0.111	0.0	0.0	0.889
0.0	0.0	0.0	1.0
0.0	0.111	0.0	0.889
0.0	1.0	0.0	0.0
>TBP	TBP	10.390167900374783
0.157	0.373	0.391	0.08
0.041	0.118	0.046	0.794
0.905	0.0	0.005	0.09
0.008	0.026	0.005	0.961
0.91	0.0	0.013	0.077
0.689	0.0	0.0	0.311
0.925	0.008	0.051	0.015
0.571	0.005	0.113	0.311
0.398	0.113	0.404	0.085
0.144	0.347	0.386	0.123
0.213	0.378	0.329	0.08
0.211	0.326	0.329	0.134
0.211	0.303	0.329	0.157
0.175	0.275	0.357	0.193
>HLTF	HLTF	6.306470385776673
0.314	0.196	0.235	0.255
0.377	0.226	0.094	0.302
0.441	0.559	0.0	0.0
0.0	1.0	0.0	0.0
0.424	0.0	0.0	0.576
0.0	0.0	0.0	1.0
0.407	0.085	0.203	0.305
0.0	0.0	0.373	0.627
0.294	0.275	0.275	0.157
>ZNF354C	ZNF354C	5.451765411087097
0.438	0.375	0.188	0.0
0.188	0.125	0.0	0.688
0.0	1.0	0.0	0.0
0.0	1.0	0.0	0.0
1.0	0.0	0.0	0.0
>CTCF	CTCF	16.68283417769951
0.095	0.319	0.083	0.503
0.183	0.159	0.453	0.205
0.308	0.054	0.492	0.147
0.061	0.876	0.023	0.039
0.009	0.989	0.0	0.002
0.815	0.014	0.071	0.1
0.044	0.578	0.366	0.012
0.117	0.475	0.053	0.355
0.933	0.012	0.035	0.02
0.005	0.0	0.991	0.003
0.366	0.003	0.621	0.01
0.059	0.013	0.553	0.374
0.013	0.0	0.978	0.009
0.062	0.009	0.852	0.078
0.114	0.806	0.006	0.074
0.409	0.014	0.558	0.019
0.09	0.531	0.338	0.041
0.129	0.355	0.08	0.436
>REST	REST	21.272312732955054
0.133	0.109	0.23	0.528
0.036	0.168	0.091	0.704
0.048	0.855	0.031	0.066
0.906	0.019	0.059	0.016
0.021	0.027	0.945	0.006
0.076	0.609	0.201	0.113
0.981	0.004	0.007	0.007
0.002	0.988	0.007	0.003
0.022	0.922	0.012	0.044
0.569	0.125	0.101	0.205
0.137	0.234	0.077	0.552
0.024	0.004	0.967	0.004
0.012	0.003	0.983	0.001
0.877	0.07	0.021	0.032
0.008	0.8	0.146	0.046
0.984	0.006	0.004	0.006
0.026	0.008	0.96	0.006
0.129	0.632	0.115	0.124
0.23	0.019	0.432	0.318
0.134	0.587	0.201	0.079
>RUNX1	RUNX1	9.642999158913247
0.144	0.248	0.348	0.26
0.117	0.242	0.234	0.407
0.062	0.536	0.074	0.328
0.028	0.0	0.004	0.968
0.0	0.038	0.936	0.026
0.044	0.064	0.035	0.858
0.0	0.0	0.994	0.006
0.008	0.021	0.924	0.046
0.005	0.2	0.126	0.67
0.066	0.232	0.04	0.662
>NFATC2	NFATC2	7.343214018462844
0.115	0.038	0.077	0.769
0.038	0.077	0.077	0.808
0.038	0.038	0.0	0.923
0.0	0.0	0.0	1.0
0.038	0.962	0.0	0.0
0.0	1.0	0.0	0.0
>INSM1	INSM1	11.882092844382857
0.042	0.0	0.167	0.792
0.0	0.0	0.833	0.167
0.0	0.333	0.125	0.542
0.25	0.625	0.0	0.125
0.667	0.0	0.0	0.333
0.0	0.0	1.0	0.0
0.0	0.042	0.958	0.0
0.0	0.0	1.0	0.0
0.0	0.0	1.0	0.0
0.0	0.083	0.667	0.25
0.125	0.667	0.0	0.208
>HOXA5	HOXA5	6.723844169847528
0.133	0.867	0.0	0.0
0.438	0.0	0.312	0.25
0.0	0.438	0.312	0.25
0.375	0.0	0.062	0.562
0.875	0.0	0.0	0.125
0.875	0.0	0.125	0.0
0.0	0.0	0.0	1.0
>NR4A2	NR4A2	8.006447873998015
0.615	0.077	0.231	0.077
0.929	0.0	0.071	0.0
0.0	0.0	0.929	0.071
0.214	0.0	0.786	0.0
0.143	0.143	0.0	0.714
0.0	0.929	0.0	0.071
1.0	0.0	0.0	0.0
>PLAG1	PLAG1	14.670171520657911
0.0	0.0	1.0	0.0
0.167	0.0	0.778	0.056
0.0	0.0	1.0	0.0
0.0	0.0	0.944	0.056
0.0	0.778	0.222	0.0
0.0	0.833	0.056	0.111
0.222	0.556	0.056	0.167
0.667	0.0	0.0	0.333
0.611	0.278	0.111	0.0
0.111	0.0	0.778	0.111
0.0	0.0	1.0	0.0
0.0	0.0	1.0	0.0
0.0	0.0	0.889	0.111
>SP2	SP2	13.07194503422977
0.095	0.15	0.61	0.145
0.023	0.481	0.152	0.343
0.031	0.822	0.001	0.147
0.0	0.996	0.004	0.0
0.0	0.974	0.0	0.026
0.103	0.0	0.759	0.138
0.0	1.0	0.0	0.0
0.0	0.982	0.0	0.018
0.0	0.657	0.0	0.343
0.122	0.709	0.0	0.168
0.068	0.576	0.059	0.297
0.111	0.329	0.193	0.368
0.134	0.425	0.238	0.203
0.135	0.471	0.242	0.152
>POU2F2	POU2F2	11.981058901574018
0.181	0.278	0.176	0.365
0.232	0.116	0.259	0.393
0.265	0.361	0.181	0.193
0.882	0.008	0.0	0.11
0.0	0.0	0.0	1.0
0.112	0.001	0.0	0.887
0.0	0.0	0.0	1.0
0.069	0.0	0.873	0.058
0.0	0.993	0.0	0.007
0.987	0.013	0.0	0.0
0.0	0.001	0.0	0.999
0.507	0.017	0.268	0.208
>NRF1	NRF1	11.376356416758938
0.13	0.081	0.789	0.0
0.135	0.865	0.0	0.0
0.042	0.041	0.917	0.0
0.0	0.869	0.101	0.03
0.327	0.403	0.202	0.068
0.0	0.087	0.114	0.799
0.0	0.0	1.0	0.0
0.0	0.938	0.0	0.062
0.0	0.075	0.925	0.0
0.016	0.984	0.0	0.0
>NR2C2	NR2C2	13.889559182691633
0.327	0.319	0.228	0.127
0.208	0.177	0.559	0.056
0.489	0.015	0.494	0.003
0.0	0.02	0.927	0.053
0.025	0.008	0.899	0.068
0.008	0.0	0.2	0.792
0.015	0.782	0.137	0.066
0.868	0.0	0.122	0.01
0.473	0.0	0.527	0.0
0.82	0.0	0.18	0.0
0.025	0.0	0.975	0.0
0.028	0.0	0.851	0.122
0.0	0.068	0.225	0.706
0.023	0.797	0.089	0.091
>NFYB	NFYB	12.129888849019588
0.422	0.225	0.283	0.07
0.401	0.251	0.154	0.195
0.402	0.251	0.168	0.18
0.093	0.317	0.155	0.434
0.096	0.296	0.386	0.223
0.403	0.155	0.424	0.017
0.5	0.02	0.416	0.064
0.0	1.0	0.0	0.0
0.0	1.0	0.0	0.0
1.0	0.0	0.0	0.0
0.998	0.0	0.002	0.0
0.0	0.0	0.0	1.0
0.059	0.681	0.243	0.017
0.777	0.014	0.208	0.002
>MEF2C	MEF2C	12.662545271277486
0.319	0.145	0.306	0.23
0.332	0.068	0.259	0.34
0.195	0.089	0.372	0.344
0.173	0.639	0.035	0.153
0.0	0.446	0.0	0.554
0.732	0.116	0.033	0.119
0.772	0.014	0.109	0.104
0.954	0.0	0.039	0.007
0.965	0.0	0.001	0.034
0.967	0.0	0.002	0.032
0.025	0.028	0.0	0.947
0.986	0.0	0.014	0.0
0.176	0.054	0.756	0.013
0.441	0.378	0.067	0.113
>JUND	JUND	10.759102458796335
0.32	0.02	0.352	0.308
0.392	0.125	0.484	0.0
0.0	0.0	0.0	1.0
0.0	0.0	1.0	0.0
1.0	0.0	0.0	0.0
0.0	0.59	0.364	0.046
0.0	0.0	0.0	1.0
0.04	0.96	0.0	0.0
1.0	0.0	0.0	0.0
0.0	0.133	0.059	0.808
>JUNB	JUNB	10.263289508559788
0.212	0.198	0.352	0.238
0.297	0.062	0.496	0.144
0.493	0.034	0.472	0.0
0.0	0.0	0.0	1.0
0.0	0.0	1.0	0.0
1.0	0.0	0.0	0.0
0.0	0.58	0.37	0.05
0.0	0.0	0.0	1.0
0.074	0.926	0.0	0.0
1.0	0.0	0.0	0.0
>JUN	JUN	11.84131938827377
0.388	0.133	0.233	0.245
0.339	0.14	0.238	0.283
0.31	0.091	0.462	0.138
0.788	0.035	0.177	0.0
0.0	0.0	0.0	1.0
0.0	0.0	0.994	0.006
1.0	0.0	0.0	0.0
0.0	0.164	0.215	0.621
0.0	0.029	0.971	0.0
0.045	0.168	0.0	0.787
0.329	0.671	0.0	0.0
1.0	0.0	0.0	0.0
>HNF4G	HNF4G	11.917985703857298
0.372	0.197	0.213	0.218
0.345	0.162	0.405	0.088
0.497	0.011	0.403	0.089
0.117	0.021	0.791	0.071
0.206	0.075	0.349	0.37
0.16	0.304	0.241	0.295
0.0	0.934	0.023	0.043
0.988	0.006	0.006	0.0
0.835	0.009	0.157	0.0
0.895	0.0	0.099	0.005
0.01	0.001	0.963	0.026
0.034	0.015	0.383	0.567
0.024	0.459	0.117	0.4
0.017	0.886	0.009	0.088
>FOXH1	FOXH1	9.541843409315396
0.114	0.346	0.181	0.358
0.192	0.284	0.26	0.263
0.118	0.397	0.384	0.1
1.0	0.0	0.0	0.0
0.919	0.0	0.028	0.053
0.0	0.0	0.0	1.0
0.289	0.703	0.0	0.008
0.172	0.828	0.0	0.0
1.0	0.0	0.0	0.0
0.0	1.0	0.0	0.0
>FOSL2	FOSL2	10.523318065417774
0.157	0.187	0.392	0.264
0.287	0.111	0.509	0.093
0.538	0.01	0.438	0.014
0.0	0.0	0.0	1.0
0.0	0.0	1.0	0.0
0.954	0.01	0.036	0.0
0.0	0.618	0.346	0.036
0.0	0.0	0.0	1.0
0.039	0.961	0.0	0.0
1.0	0.0	0.0	0.0
>FOSL1	FOSL1	10.75650357822262
0.34	0.023	0.452	0.186
0.297	0.083	0.59	0.03
0.0	0.0	0.0	1.0
0.0	0.0	1.0	0.0
1.0	0.0	0.0	0.0
0.024	0.592	0.385	0.0
0.0	0.0	0.0	1.0
0.034	0.966	0.0	0.0
1.0	0.0	0.0	0.0
0.007	0.154	0.329	0.51
>FOS	FOS	10.251420084734178
0.268	0.024	0.33	0.378
0.254	0.346	0.369	0.031
0.0	0.0	0.0	1.0
0.0	0.0	0.922	0.078
1.0	0.0	0.0	0.0
0.034	0.479	0.381	0.106
0.0	0.0	0.0	1.0
0.0	1.0	0.0	0.0
1.0	0.0	0.0	0.0
0.009	0.198	0.052	0.741
>E2F6	E2F6	10.537869911902638
0.295	0.029	0.51	0.166
0.16	0.147	0.692	0.0
0.0	0.0	1.0	0.0
0.244	0.709	0.0	0.048
0.003	0.0	0.997	0.0
0.0	0.0	1.0	0.0
0.007	0.011	0.982	0.0
1.0	0.0	0.0	0.0
0.612	0.0	0.388	0.0
0.358	0.165	0.412	0.065
>E2F4	E2F4	10.51151736151955
0.145	0.197	0.452	0.207
0.083	0.272	0.646	0.0
0.0	0.006	0.994	0.0
0.0	1.0	0.0	0.0
0.0	0.0	1.0	0.0
0.014	0.116	0.87	0.0
0.008	0.022	0.97	0.0
0.96	0.0	0.04	0.0
0.667	0.0	0.333	0.0
0.379	0.186	0.383	0.052
>CDX2	CDX2	10.112042347437926
0.384	0.2	0.301	0.116
0.416	0.005	0.314	0.264
0.193	0.085	0.722	0.0
0.0	0.656	0.0	0.344
0.436	0.521	0.0	0.043
1.0	0.0	0.0	0.0
0.0	0.0	0.0	1.0
1.0	0.0	0.0	0.0
1.0	0.0	0.0	0.0
1.0	0.0	0.0	0.0
>TCF7L2	TCF7L2	11.902413475881701
0.364	0.181	0.272	0.183
0.432	0.201	0.275	0.092
0.733	0.032	0.133	0.101
0.02	0.465	0.479	0.035
0.667	0.006	0.0	0.326
0.033	0.0	0.0	0.967
0.037	0.789	0.174	0.0
1.0	0.0	0.0	0.0
0.98	0.004	0.017	0.0
0.995	0.0	0.005	0.0
0.072	0.009	0.919	0.0
0.247	0.203	0.479	0.071
0.334	0.268	0.289	0.109
>ZBTB33	ZBTB33	13.379910009293406
0.116	0.363	0.207	0.313
0.009	0.094	0.045	0.852
0.04	0.935	0.016	0.01
0.014	0.126	0.007	0.852
0.0	1.0	0.0	0.0
0.05	0.0	0.946	0.004
0.003	0.948	0.0	0.05
0.0	0.0	1.0	0.0
0.654	0.113	0.167	0.065
0.011	0.081	0.638	0.27
0.59	0.133	0.2	0.077
0.121	0.329	0.193	0.357
0.027	0.465	0.061	0.447
0.112	0.206	0.155	0.528
>ZNF263	ZNF263	18.10868884554278
0.155	0.019	0.727	0.098
0.302	0.0	0.698	0.0
0.73	0.0	0.184	0.086
0.03	0.0	0.907	0.063
0.066	0.114	0.817	0.003
0.914	0.036	0.003	0.047
0.103	0.055	0.739	0.103
0.102	0.094	0.752	0.053
0.533	0.064	0.362	0.042
0.337	0.101	0.462	0.1
0.203	0.07	0.622	0.105
0.433	0.039	0.442	0.086
0.274	0.041	0.584	0.101
0.27	0.106	0.594	0.031
0.521	0.062	0.314	0.103
0.251	0.0	0.634	0.115
0.206	0.0	0.751	0.043
0.545	0.0	0.387	0.068
0.343	0.014	0.586	0.057
0.267	0.043	0.645	0.046
>CEBPA	CEBPA	10.77634926768811
0.676	0.087	0.237	0.0
0.0	0.0	0.0	1.0
0.0	0.0	0.0	1.0
0.046	0.0	0.738	0.216
0.0	1.0	0.0	0.0
0.781	0.083	0.07	0.067
0.174	0.5	0.0	0.327
0.798	0.202	0.0	0.0
1.0	0.0	0.0	0.0
0.0	0.371	0.118	0.511
>ELK4	ELK4	10.753882170722147
0.087	0.425	0.259	0.229
0.114	0.556	0.166	0.164
0.594	0.042	0.303	0.061
0.0	0.784	0.005	0.211
0.002	0.0	0.0	0.998
0.0	0.0	0.0	1.0
0.0	1.0	0.0	0.0
0.0	1.0	0.0	0.0
0.0	0.0	0.851	0.149
0.0	0.146	0.83	0.024
>ESR2	ESR2	12.932621941343573
0.656	0.012	0.311	0.021
0.052	0.0	0.87	0.078
0.007	0.0	0.988	0.005
0.009	0.018	0.12	0.853
0.0	0.925	0.065	0.011
0.982	0.0	0.007	0.011
0.061	0.51	0.332	0.097
0.254	0.392	0.205	0.149
0.219	0.305	0.264	0.213
0.194	0.118	0.065	0.623
0.136	0.048	0.808	0.008
0.398	0.249	0.169	0.184
0.053	0.785	0.044	0.119
0.135	0.71	0.0	0.155
>FOXA1	FOXA1	11.866013415271356
0.197	0.219	0.187	0.397
0.212	0.311	0.215	0.262
0.139	0.389	0.241	0.231
0.324	0.196	0.165	0.314
0.003	0.0	0.001	0.996
0.267	0.0	0.733	0.0
0.0	0.0	0.0	1.0
0.0	0.0	0.059	0.941
0.0	0.0	0.13	0.87
0.829	0.0	0.171	0.0
0.0	0.934	0.0	0.066
0.418	0.121	0.0	0.462
0.038	0.332	0.063	0.568
0.486	0.0	0.003	0.511
>IRF1	IRF1	17.856446489713733
0.232	0.235	0.195	0.338
0.184	0.209	0.184	0.423
0.127	0.238	0.156	0.479
0.101	0.316	0.109	0.474
0.54	0.074	0.265	0.121
0.018	0.581	0.372	0.029
0.009	0.0	0.0	0.991
0.0	0.023	0.0	0.977
0.0	0.041	0.003	0.956
0.0	0.917	0.0	0.083
0.67	0.029	0.175	0.126
0.015	0.578	0.253	0.154
0.012	0.001	0.0	0.988
0.005	0.01	0.004	0.981
0.008	0.043	0.0	0.949
0.012	0.751	0.021	0.216
0.377	0.18	0.193	0.25
0.16	0.341	0.214	0.286
0.106	0.137	0.084	0.673
0.145	0.142	0.073	0.64
>SP1	SP1	10.759505512513906
0.098	0.204	0.489	0.208
0.0	0.712	0.074	0.215
0.011	0.767	0.0	0.221
0.0	1.0	0.0	0.0
0.0	0.992	0.0	0.008
0.156	0.0	0.529	0.315
0.0	1.0	0.0	0.0
0.0	1.0	0.0	0.0
0.0	0.765	0.0	0.235
0.121	0.728	0.0	0.151
>STAT1	STAT1	10.979977892605856
0.101	0.201	0.216	0.481
0.0	0.014	0.0	0.986
0.0	0.002	0.03	0.968
0.099	0.899	0.002	0.0
0.03	0.554	0.0	0.416
0.479	0.0	0.451	0.07
0.045	0.0	0.955	0.0
0.008	0.002	0.944	0.046
0.998	0.0	0.002	0.0
0.999	0.001	0.0	0.0
>STAT3	STAT3	10.543431356358068
0.09	0.396	0.176	0.338
0.033	0.0	0.0	0.967
0.012	0.016	0.271	0.702
0.047	0.906	0.0	0.048
0.039	0.36	0.0	0.601
0.171	0.0	0.53	0.299
0.073	0.0	0.927	0.0
0.117	0.0	0.864	0.019
1.0	0.0	0.0	0.0
1.0	0.0	0.0	0.0
>USF1	USF1	10.613907559339783
0.288	0.223	0.425	0.064
0.087	0.442	0.177	0.293
0.003	0.997	0.0	0.0
0.984	0.0	0.0	0.016
0.011	0.61	0.055	0.323
0.095	0.035	0.869	0.0
0.0	0.0	0.0	1.0
0.0	0.0	1.0	0.0
0.876	0.0	0.082	0.042
0.0	0.782	0.0	0.218
>YY1	YY1	11.699674795117454
0.157	0.639	0.112	0.092
0.973	0.0	0.025	0.002
0.94	0.014	0.037	0.009
0.349	0.156	0.458	0.037
1.0	0.0	0.0	0.0
0.0	0.002	0.0	0.998
0.002	0.0	0.998	0.0
0.002	0.0	0.998	0.0
0.113	0.786	0.005	0.095
0.121	0.234	0.386	0.259
0.125	0.122	0.649	0.103
>FOXP2	FOXP2	10.402934100358737
0.431	0.148	0.248	0.174
0.444	0.009	0.185	0.362
0.209	0.0	0.791	0.0
0.077	0.0	0.0	0.923
1.0	0.0	0.0	0.0
1.0	0.0	0.0	0.0
1.0	0.0	0.0	0.0
0.0	0.988	0.0	0.012
1.0	0.0	0.0	0.0
0.388	0.201	0.383	0.029
>SREBF1	SREBF1	10.144857381117577
0.483	0.241	0.276	0.0
0.0	0.0	0.0	1.0
0.0	1.0	0.0	0.0
1.0	0.0	0.0	0.0
0.0	0.879	0.121	0.0
0.103	0.655	0.224	0.017
0.0	0.759	0.0	0.241
0.034	0.776	0.19	0.0
1.0	0.0	0.0	0.0
>SREBF2	SREBF2	10.154772011011026
0.511	0.191	0.298	0.0
0.0	0.0	0.0	1.0
0.0	0.064	0.936	0.0
0.213	0.0	0.787	0.0
0.043	0.213	0.574	0.17
0.043	0.191	0.766	0.0
0.0	0.0	0.0	1.0
0.0	0.0	1.0	0.0
1.0	0.0	0.0	0.0
>THAP1	THAP1	6.682526621188801
0.09	0.467	0.136	0.307
0.075	0.236	0.06	0.628
0.101	0.0	0.688	0.211
0.035	0.915	0.0	0.05
0.015	0.98	0.0	0.005
0.291	0.683	0.005	0.02
0.236	0.085	0.387	0.291
0.151	0.357	0.206	0.286
>KLF5	KLF5	9.774163542898865
0.105	0.149	0.556	0.19
0.0	0.874	0.0	0.126
0.0	0.882	0.0	0.118
0.255	0.703	0.0	0.042
0.0	1.0	0.0	0.0
0.371	0.0	0.381	0.248
0.0	1.0	0.0	0.0
0.0	1.0	0.0	0.0
0.0	0.965	0.0	0.035
>NFAT5	NFAT5	9.317080316998215
0.371	0.21	0.21	0.21
0.176	0.088	0.088	0.648
0.0	0.0	0.0	1.0
0.0	0.0	0.0	1.0
0.089	0.084	0.0	0.827
0.0	0.915	0.0	0.085
0.0	0.826	0.085	0.089
0.831	0.084	0.0	0.085
0.124	0.287	0.041	0.548
>EMX1	EMX1	7.752689481976934
0.278	0.308	0.27	0.144
0.131	0.409	0.131	0.329
0.077	0.078	0.009	0.836
0.926	0.018	0.039	0.017
0.973	0.003	0.004	0.02
0.034	0.021	0.022	0.923
0.074	0.045	0.298	0.583
0.719	0.018	0.217	0.046
0.171	0.358	0.324	0.148
>FOXG1	FOXG1	8.760942638440985
0.374	0.001	0.624	0.001
0.001	0.001	0.001	0.997
0.997	0.001	0.001	0.001
0.997	0.001	0.001	0.001
0.997	0.001	0.001	0.001
0.001	0.997	0.001	0.001
0.997	0.001	0.001	0.001
>LBX1	LBX1	7.605025794101048
0.217	0.131	0.174	0.478
0.0	0.049	0.0	0.951
1.0	0.0	0.0	0.0
1.0	0.0	0.0	0.0
0.0	0.262	0.0	0.738
0.143	0.0	0.119	0.738
0.732	0.0	0.268	0.0
>NFATC1	NFATC1	7.946676688225064
0.383	0.134	0.167	0.316
0.226	0.193	0.189	0.392
0.158	0.06	0.122	0.66
0.019	0.035	0.007	0.939
0.021	0.029	0.015	0.935
0.014	0.971	0.008	0.007
0.009	0.968	0.005	0.018
0.515	0.045	0.357	0.083
0.23	0.262	0.126	0.383
>NFATC3	NFATC3	8.577315103616833
0.421	0.093	0.139	0.348
0.179	0.181	0.168	0.472
0.117	0.04	0.073	0.77
0.014	0.01	0.005	0.971
0.003	0.023	0.009	0.965
0.036	0.933	0.001	0.03
0.008	0.959	0.023	0.01
0.552	0.039	0.342	0.067
0.173	0.251	0.133	0.443
>POU6F1	POU6F1	8.831633184793324
0.507	0.193	0.211	0.089
0.151	0.351	0.145	0.353
0.032	0.01	0.008	0.95
0.904	0.07	0.008	0.018
0.938	0.034	0.014	0.014
0.014	0.014	0.034	0.938
0.018	0.008	0.07	0.904
0.95	0.008	0.01	0.032
0.353	0.145	0.351	0.151
>SHOX	SHOX	6.854313900523795
0.179	0.301	0.162	0.357
0.074	0.03	0.009	0.887
0.852	0.048	0.055	0.045
0.991	0.002	0.005	0.002
0.015	0.015	0.027	0.943
0.098	0.05	0.084	0.768
0.416	0.048	0.424	0.111
>ALX3	ALX3	7.894057911865538
0.159	0.276	0.135	0.43
0.125	0.432	0.146	0.297
0.088	0.373	0.038	0.5
0.796	0.051	0.089	0.064
0.92	0.037	0.016	0.027
0.009	0.009	0.001	0.981
0.073	0.076	0.025	0.826
0.839	0.048	0.009	0.104
0.33	0.212	0.28	0.178
>BARHL2	BARHL2	7.656439630997234
0.258	0.268	0.34	0.133
0.259	0.317	0.137	0.287
0.048	0.0	0.0	0.952
0.867	0.0	0.0	0.133
1.0	0.0	0.0	0.0
0.711	0.006	0.06	0.223
0.021	0.607	0.006	0.366
0.1	0.0	0.816	0.085
0.281	0.17	0.379	0.17
>BHLHE41	BHLHE41	10.853288038106617
0.302	0.109	0.582	0.006
0.013	0.002	0.243	0.741
0.0	0.999	0.001	0.0
0.994	0.002	0.004	0.001
0.0	0.999	0.0	0.001
0.0	0.0	0.999	0.0
0.003	0.003	0.003	0.991
0.0	0.0	1.0	0.0
0.816	0.18	0.001	0.003
>CREB3	CREB3	13.484435203215979
0.252	0.248	0.341	0.159
0.068	0.166	0.16	0.606
0.037	0.0	0.724	0.239
0.287	0.645	0.006	0.062
0.026	0.889	0.059	0.026
0.997	0.0	0.0	0.003
0.0	1.0	0.0	0.0
0.007	0.0	0.989	0.004
0.003	0.003	0.0	0.995
0.037	0.918	0.03	0.015
0.938	0.006	0.038	0.019
0.023	0.37	0.09	0.518
0.176	0.569	0.095	0.16
>DBP	DBP	10.759330840377912
0.219	0.241	0.268	0.272
0.445	0.136	0.408	0.011
0.001	0.001	0.0	0.998
0.001	0.001	0.078	0.921
0.934	0.0	0.066	0.001
0.0	0.725	0.002	0.272
0.309	0.002	0.689	0.0
0.0	0.071	0.001	0.928
0.959	0.039	0.001	0.001
0.999	0.0	0.0	0.0
0.018	0.421	0.175	0.386
>EBF1	EBF1	13.188960931144498
0.719	0.074	0.108	0.099
0.166	0.179	0.216	0.439
0.02	0.128	0.0	0.852
0.0	0.997	0.002	0.001
0.002	0.984	0.003	0.011
0.0	0.996	0.0	0.004
0.364	0.253	0.041	0.342
0.503	0.05	0.135	0.312
0.013	0.004	0.983	0.0
0.064	0.005	0.931	0.0
0.004	0.0	0.982	0.014
0.925	0.01	0.05	0.014
0.391	0.38	0.094	0.135
>EHF	EHF	12.462973368955321
0.426	0.162	0.132	0.281
0.826	0.031	0.03	0.112
0.097	0.695	0.125	0.083
0.073	0.751	0.171	0.005
0.112	0.872	0.011	0.005
0.001	0.001	0.998	0.0
0.0	0.0	1.0	0.0
0.993	0.004	0.001	0.002
0.976	0.01	0.009	0.004
0.126	0.018	0.848	0.008
0.028	0.057	0.023	0.892
>ELF3	ELF3	13.85972503049468
0.465	0.12	0.106	0.309
0.92	0.009	0.003	0.068
0.041	0.782	0.16	0.018
0.09	0.818	0.092	0.0
0.083	0.915	0.002	0.0
0.001	0.0	0.999	0.0
0.0	0.003	0.994	0.003
0.998	0.001	0.001	0.0
0.988	0.001	0.0	0.012
0.06	0.0	0.935	0.005
0.015	0.023	0.007	0.956
0.581	0.039	0.268	0.113
>ELF4	ELF4	13.032895452422288
0.565	0.103	0.151	0.181
0.748	0.077	0.016	0.158
0.151	0.71	0.057	0.081
0.015	0.889	0.094	0.001
0.051	0.943	0.006	0.0
0.001	0.0	0.999	0.0
0.0	0.0	0.998	0.002
0.995	0.0	0.003	0.003
0.985	0.007	0.003	0.005
0.034	0.014	0.947	0.005
0.004	0.052	0.026	0.918
>ELF5	ELF5	9.913351919264281
0.642	0.067	0.08	0.211
0.229	0.43	0.179	0.162
0.205	0.511	0.264	0.02
0.335	0.581	0.071	0.013
0.001	0.0	0.993	0.006
0.001	0.0	0.991	0.007
0.994	0.004	0.0	0.001
0.896	0.021	0.0	0.083
0.223	0.039	0.717	0.021
0.12	0.18	0.078	0.621
>EN1	EN1	7.4302794924806035
0.148	0.406	0.265	0.182
0.035	0.443	0.002	0.521
0.944	0.032	0.023	0.0
0.99	0.01	0.0	0.0
0.0	0.0	0.0	1.0
0.016	0.134	0.045	0.805
0.947	0.0	0.01	0.043
>EN2	EN2	7.965177159020393
0.244	0.342	0.277	0.137
0.129	0.413	0.25	0.208
0.006	0.605	0.021	0.369
0.762	0.137	0.076	0.025
0.936	0.06	0.004	0.0
0.0	0.0	0.0	1.0
0.0	0.185	0.089	0.726
0.973	0.0	0.027	0.0
0.212	0.298	0.382	0.107
>ESX1	ESX1	7.469995778460803
0.299	0.229	0.266	0.206
0.182	0.427	0.151	0.24
0.074	0.461	0.012	0.453
0.801	0.068	0.077	0.054
0.89	0.061	0.022	0.027
0.02	0.027	0.0	0.953
0.082	0.101	0.028	0.789
0.912	0.012	0.011	0.064
0.339	0.215	0.287	0.16
>ETV6	ETV6	9.928200474123493
0.415	0.29	0.207	0.088
0.046	0.321	0.575	0.059
0.172	0.745	0.046	0.036
0.001	0.0	0.997	0.002
0.003	0.0	0.994	0.003
0.999	0.0	0.001	0.0
0.987	0.002	0.005	0.006
0.102	0.007	0.891	0.0
0.023	0.105	0.029	0.842
>FLI1	FLI1	10.448856434528329
0.797	0.027	0.094	0.082
0.06	0.896	0.038	0.006
0.06	0.938	0.002	0.0
0.0	0.0	1.0	0.0
0.0	0.0	0.999	0.001
0.999	0.0	0.0	0.0
0.873	0.005	0.0	0.122
0.432	0.013	0.554	0.002
0.019	0.24	0.043	0.698
>FOXI1	FOXI1	7.468028458884639
0.106	0.007	0.887	0.0
0.014	0.011	0.007	0.968
0.9	0.094	0.006	0.0
0.996	0.004	0.0	0.0
0.978	0.004	0.005	0.012
0.025	0.836	0.008	0.131
>FOXL1	FOXL1	6.846883813457883
0.426	0.003	0.543	0.028
0.002	0.08	0.0	0.918
0.875	0.115	0.01	0.0
0.989	0.008	0.0	0.003
0.973	0.017	0.01	0.0
0.0	0.779	0.0	0.221
>FOXO3	FOXO3	9.05678366874248
0.038	0.0	0.962	0.0
0.0	0.0	0.024	0.976
0.96	0.029	0.009	0.002
0.998	0.002	0.0	0.0
0.982	0.018	0.0	0.0
0.027	0.967	0.0	0.005
0.98	0.02	0.0	0.0
>GCM1	GCM1	10.917026267734945
0.118	0.399	0.24	0.243
0.779	0.066	0.146	0.009
0.007	0.007	0.004	0.981
0.167	0.01	0.821	0.001
0.042	0.897	0.024	0.037
0.023	0.01	0.821	0.146
0.0	0.0	0.998	0.002
0.0	0.001	0.999	0.0
0.005	0.187	0.006	0.802
0.625	0.085	0.232	0.059
>GRHL1	GRHL1	12.510863911398742
0.54	0.189	0.099	0.171
0.727	0.032	0.119	0.122
0.934	0.001	0.042	0.023
0.986	0.0	0.003	0.011
0.0	1.0	0.0	0.0
0.118	0.795	0.016	0.071
0.108	0.017	0.81	0.065
0.0	0.0	1.0	0.0
0.03	0.002	0.001	0.968
0.045	0.066	0.004	0.885
0.189	0.133	0.061	0.618
>GSC	GSC	8.621696708401519
0.205	0.314	0.335	0.145
0.157	0.474	0.091	0.278
0.0	0.009	0.0	0.991
0.948	0.011	0.027	0.014
1.0	0.0	0.0	0.0
0.0	0.004	0.023	0.973
0.054	0.786	0.058	0.102
0.038	0.731	0.099	0.132
0.137	0.394	0.285	0.183
>HEY2	HEY2	9.80097818421866
0.051	0.047	0.854	0.048
0.362	0.169	0.344	0.124
0.041	0.889	0.041	0.029
0.934	0.0	0.066	0.0
0.004	0.996	0.0	0.0
0.014	0.038	0.948	0.0
0.018	0.061	0.0	0.92
0.0	0.018	0.966	0.016
0.025	0.529	0.065	0.381
>HINFP	HINFP	11.42177052739066
0.04	0.598	0.186	0.176
0.49	0.225	0.194	0.091
0.497	0.081	0.391	0.031
0.002	0.787	0.197	0.014
0.0	0.028	0.953	0.02
0.0	0.0	0.0	1.0
0.0	0.969	0.031	0.0
0.0	0.993	0.0	0.007
0.0	0.059	0.901	0.04
0.002	0.934	0.035	0.028
0.2	0.129	0.442	0.228
>HLF	HLF	10.322331344184217
0.201	0.344	0.177	0.278
0.387	0.24	0.333	0.04
0.003	0.0	0.0	0.996
0.002	0.016	0.102	0.88
0.866	0.0	0.126	0.009
0.005	0.718	0.012	0.265
0.439	0.024	0.534	0.003
0.018	0.236	0.003	0.743
0.88	0.116	0.002	0.002
0.994	0.0	0.002	0.003
0.05	0.487	0.11	0.353
>HNF1A	HNF1A	14.373594800630652
0.368	0.173	0.247	0.213
0.459	0.027	0.472	0.042
0.023	0.064	0.055	0.858
0.147	0.11	0.028	0.715
0.982	0.0	0.017	0.001
0.934	0.042	0.001	0.024
0.08	0.027	0.0	0.893
0.236	0.265	0.321	0.178
0.934	0.001	0.022	0.043
0.045	0.001	0.054	0.9
0.003	0.016	0.0	0.981
0.815	0.014	0.077	0.094
0.878	0.043	0.068	0.011
0.086	0.822	0.038	0.053
>HNF1B	HNF1B	13.509698485922929
0.044	0.029	0.88	0.046
0.015	0.072	0.041	0.872
0.14	0.085	0.019	0.756
0.985	0.0	0.013	0.002
0.942	0.036	0.004	0.019
0.058	0.024	0.002	0.916
0.211	0.3	0.312	0.178
0.947	0.002	0.018	0.032
0.039	0.012	0.047	0.903
0.003	0.021	0.0	0.976
0.771	0.02	0.132	0.078
0.889	0.042	0.057	0.012
>HOXA13	HOXA13	9.93963364069359
0.161	0.643	0.185	0.01
0.003	0.648	0.021	0.328
0.669	0.19	0.024	0.117
0.888	0.0	0.0	0.112
0.0	0.0	0.0	1.0
0.895	0.033	0.018	0.054
0.939	0.0	0.0	0.061
0.988	0.012	0.0	0.0
0.642	0.156	0.114	0.088
>HOXC11	HOXC11	10.85134753725082
0.278	0.106	0.451	0.165
0.261	0.12	0.618	0.0
0.015	0.016	0.009	0.961
0.022	0.936	0.005	0.037
0.188	0.0	0.812	0.0
0.005	0.0	0.0	0.995
0.716	0.002	0.01	0.271
0.983	0.0	0.0	0.017
0.968	0.017	0.007	0.009
0.623	0.109	0.071	0.197
>HSF1	HSF1	13.369823453461454
0.041	0.012	0.016	0.931
0.007	0.003	0.011	0.978
0.006	0.984	0.006	0.003
0.002	0.175	0.116	0.707
0.642	0.187	0.169	0.001
0.0	0.0	1.0	0.0
0.988	0.005	0.001	0.005
0.977	0.003	0.003	0.018
0.048	0.489	0.109	0.353
0.337	0.131	0.407	0.126
0.017	0.003	0.0	0.98
0.004	0.001	0.003	0.992
>IRF8	IRF8	15.507403672577144
0.223	0.34	0.097	0.341
0.009	0.859	0.003	0.129
0.001	0.0	0.999	0.0
1.0	0.0	0.0	0.0
0.994	0.0	0.0	0.006
0.999	0.0	0.0	0.001
0.008	0.902	0.089	0.001
0.001	0.826	0.0	0.173
0.0	0.0	1.0	0.0
0.999	0.0	0.001	0.0
0.988	0.0	0.0	0.011
0.999	0.001	0.0	0.0
0.002	0.844	0.152	0.002
>IRF9	IRF9	17.45259618824098
0.944	0.014	0.012	0.03
0.574	0.119	0.049	0.258
0.013	0.945	0.009	0.032
0.012	0.001	0.986	0.001
0.998	0.001	0.0	0.0
0.999	0.0	0.0	0.001
0.999	0.001	0.0	0.0
0.012	0.933	0.053	0.002
0.004	0.804	0.0	0.193
0.001	0.0	0.999	0.0
0.999	0.001	0.0	0.0
0.994	0.0	0.0	0.006
0.999	0.0	0.0	0.001
0.001	0.934	0.064	0.001
>ISX	ISX	7.6842765572226766
0.154	0.418	0.176	0.252
0.005	0.484	0.0	0.512
0.964	0.022	0.002	0.011
0.988	0.008	0.0	0.005
0.0	0.0	0.0	1.0
0.0	0.0	0.011	0.989
0.977	0.0	0.0	0.023
>JDP2	JDP2	10.07479384473946
0.907	0.011	0.078	0.004
0.003	0.004	0.001	0.993
0.0	0.002	0.985	0.013
0.983	0.001	0.001	0.015
0.008	0.722	0.261	0.008
0.004	0.0	0.004	0.993
0.013	0.98	0.002	0.005
0.996	0.0	0.0	0.004
>KLF13	KLF13	17.9085058615843
0.462	0.076	0.281	0.181
0.219	0.014	0.238	0.529
0.287	0.0	0.704	0.009
0.314	0.585	0.037	0.065
0.071	0.87	0.002	0.057
0.995	0.0	0.005	0.0
0.0	0.993	0.005	0.002
0.008	0.001	0.989	0.003
0.0	0.996	0.0	0.004
0.003	0.997	0.0	0.0
0.001	0.99	0.0	0.009
0.223	0.773	0.0	0.004
0.001	0.312	0.001	0.685
0.06	0.135	0.021	0.785
0.066	0.063	0.073	0.798
0.168	0.127	0.192	0.513
0.148	0.064	0.177	0.611
>LHX6	LHX6	9.388123093159326
0.418	0.173	0.349	0.059
0.092	0.524	0.137	0.247
0.0	0.054	0.006	0.94
0.885	0.018	0.097	0.0
0.997	0.003	0.0	0.0
0.0	0.022	0.003	0.975
0.0	0.144	0.02	0.835
0.948	0.0	0.052	0.0
0.317	0.121	0.526	0.037
>MAFG	MAFG	17.364407276735502
0.441	0.12	0.192	0.247
0.485	0.071	0.106	0.338
0.406	0.125	0.114	0.355
0.296	0.171	0.225	0.308
0.056	0.17	0.021	0.753
0.006	0.011	0.981	0.003
0.1	0.87	0.002	0.028
0.068	0.08	0.022	0.83
0.046	0.024	0.812	0.118
0.863	0.049	0.019	0.068
0.081	0.391	0.441	0.086
0.058	0.016	0.067	0.859
0.121	0.788	0.033	0.057
0.792	0.023	0.104	0.082
0.023	0.003	0.889	0.084
0.003	0.962	0.024	0.011
0.69	0.018	0.22	0.073
0.325	0.187	0.158	0.329
0.409	0.092	0.145	0.353
0.401	0.101	0.092	0.406
>MEF2B	MEF2B	12.865814246906996
0.372	0.019	0.474	0.135
0.006	0.991	0.0	0.004
0.0	0.008	0.0	0.992
0.995	0.0	0.0	0.005
0.474	0.001	0.0	0.525
0.814	0.0	0.003	0.183
0.955	0.001	0.001	0.043
0.986	0.0	0.0	0.014
0.0	0.0	0.0	1.0
0.997	0.001	0.001	0.001
0.03	0.006	0.963	0.001
>MEOX1	MEOX1	8.348888202037823
0.302	0.235	0.329	0.135
0.046	0.501	0.417	0.035
0.018	0.115	0.015	0.852
0.743	0.21	0.037	0.01
0.998	0.0	0.001	0.001
0.003	0.01	0.0	0.988
0.004	0.068	0.092	0.837
0.897	0.0	0.101	0.002
0.319	0.304	0.15	0.228
>MIXL1	MIXL1	7.286539273982854
0.25	0.223	0.246	0.28
0.147	0.334	0.202	0.317
0.085	0.376	0.04	0.498
0.804	0.057	0.109	0.031
0.933	0.023	0.019	0.025
0.0	0.018	0.007	0.975
0.04	0.123	0.058	0.779
0.846	0.06	0.004	0.091
0.358	0.181	0.315	0.145
>MLX	MLX	10.758361302402129
0.533	0.012	0.331	0.123
0.0	0.042	0.152	0.805
0.011	0.962	0.011	0.015
0.975	0.0	0.025	0.0
0.0	1.0	0.0	0.0
0.002	0.0	0.996	0.002
0.006	0.003	0.003	0.987
0.004	0.0	0.988	0.009
0.8	0.03	0.117	0.053
>MLXIPL	MLXIPL	10.030982784501637
0.487	0.044	0.31	0.159
0.167	0.037	0.176	0.62
0.0	0.976	0.024	0.0
0.983	0.0	0.005	0.012
0.004	0.97	0.026	0.0
0.026	0.003	0.971	0.0
0.0	0.0	0.005	0.995
0.0	0.0	1.0	0.0
0.535	0.165	0.131	0.17
>MSC	MSC	10.87128953323663
0.734	0.0	0.191	0.074
0.821	0.143	0.036	0.0
0.0	0.945	0.041	0.014
1.0	0.0	0.0	0.0
0.0	0.148	0.852	0.0
0.0	0.958	0.042	0.0
0.0	0.0	0.0	1.0
0.0	0.0	0.945	0.055
0.035	0.116	0.047	0.802
>MSX1	MSX1	7.616296584668116
0.15	0.431	0.256	0.163
0.026	0.664	0.01	0.3
0.863	0.093	0.039	0.004
0.966	0.034	0.0	0.0
0.0	0.0	0.01	0.99
0.018	0.057	0.07	0.856
0.907	0.035	0.031	0.027
>MYF6	MYF6	10.709721246238756
0.833	0.023	0.131	0.013
0.912	0.037	0.049	0.002
0.0	1.0	0.0	0.0
0.978	0.007	0.015	0.0
0.348	0.066	0.56	0.026
0.026	0.774	0.077	0.123
0.024	0.0	0.0	0.976
0.0	0.004	0.996	0.0
0.004	0.047	0.0	0.949
>NEUROD2	NEUROD2	9.112552970508206
0.381	0.075	0.485	0.06
0.321	0.533	0.146	0.0
0.0	0.944	0.056	0.0
0.815	0.0	0.158	0.027
0.0	0.09	0.0	0.91
0.907	0.069	0.022	0.002
0.0	0.171	0.0	0.829
0.0	0.0	0.934	0.066
0.0	0.229	0.434	0.337
>NEUROG2	NEUROG2	10.288660510041147
0.575	0.005	0.421	0.0
0.665	0.234	0.101	0.0
0.002	0.986	0.0	0.012
0.993	0.0	0.007	0.0
0.009	0.011	0.044	0.936
0.97	0.018	0.011	0.0
0.012	0.007	0.0	0.982
0.0	0.0	1.0	0.0
0.004	0.228	0.197	0.571
>NFIA	NFIA	8.590813921201375
0.25	0.243	0.265	0.242
0.222	0.153	0.377	0.247
0.0	0.0	0.0	1.0
0.0	0.0	1.0	0.0
0.0	1.0	0.0	0.0
0.0	1.0	0.0	0.0
1.0	0.0	0.0	0.0
1.0	0.0	0.0	0.0
0.257	0.236	0.318	0.188
>NFIX	NFIX	7.052808926199255
0.242	0.268	0.265	0.225
0.238	0.187	0.33	0.245
0.189	0.162	0.099	0.55
0.004	0.005	0.92	0.071
0.0	0.909	0.09	0.001
0.0	1.0	0.0	0.0
0.929	0.063	0.005	0.003
0.667	0.028	0.257	0.049
>NHLH1	NHLH1	10.635413548444365
0.243	0.667	0.056	0.034
0.156	0.061	0.735	0.048
0.001	0.999	0.0	0.0
0.998	0.001	0.0	0.0
0.0	0.117	0.839	0.044
0.04	0.908	0.052	0.0
0.0	0.002	0.002	0.996
0.001	0.002	0.997	0.0
0.102	0.743	0.035	0.12
>NKX2-3	NKX2-3	9.12520133741227
0.385	0.235	0.214	0.165
0.127	0.582	0.282	0.009
0.004	0.982	0.0	0.014
0.962	0.01	0.002	0.026
0.001	0.999	0.0	0.0
0.0	0.0	0.002	0.998
0.0	0.092	0.0	0.908
0.383	0.131	0.455	0.031
0.641	0.063	0.127	0.168
>NKX2-8	NKX2-8	8.040272869802054
0.227	0.412	0.332	0.029
0.006	0.794	0.0	0.2
0.885	0.062	0.0	0.053
0.002	0.986	0.0	0.013
0.0	0.011	0.0	0.989
0.002	0.271	0.0	0.727
0.203	0.265	0.501	0.032
0.695	0.074	0.056	0.175
>NKX6-1	NKX6-1	7.1690608750700235
0.182	0.314	0.332	0.172
0.0	0.259	0.0	0.741
0.585	0.334	0.0	0.081
0.898	0.081	0.005	0.016
0.0	0.0	0.0	1.0
0.025	0.019	0.0	0.956
0.926	0.011	0.055	0.007
>NKX6-2	NKX6-2	6.496503793479908
0.199	0.321	0.276	0.205
0.056	0.374	0.039	0.531
0.503	0.336	0.047	0.114
0.948	0.016	0.01	0.027
0.03	0.0	0.0	0.97
0.102	0.092	0.023	0.783
0.912	0.018	0.037	0.033
>OLIG2	OLIG2	9.915172810904377
0.77	0.043	0.135	0.052
0.385	0.526	0.08	0.009
0.044	0.954	0.002	0.0
0.954	0.001	0.031	0.013
0.0	0.0	0.0	1.0
0.973	0.013	0.011	0.002
0.012	0.089	0.0	0.899
0.006	0.002	0.925	0.067
0.002	0.197	0.431	0.37
>ONECUT1	ONECUT1	13.468353649759017
0.388	0.234	0.22	0.158
0.522	0.104	0.224	0.15
0.649	0.08	0.13	0.141
0.754	0.048	0.013	0.185
0.954	0.0	0.046	0.0
0.999	0.0	0.0	0.0
0.0	0.0	0.001	0.999
0.0	0.999	0.0	0.001
0.37	0.0	0.63	0.0
0.999	0.0	0.0	0.001
0.0	0.0	0.0	0.999
0.888	0.015	0.024	0.073
0.399	0.252	0.07	0.278
>PAX4	PAX4	7.929929241346848
0.071	0.638	0.09	0.201
0.107	0.055	0.222	0.616
0.985	0.006	0.0	0.009
1.0	0.0	0.0	0.0
0.0	0.0	0.015	0.985
0.048	0.03	0.027	0.895
0.748	0.2	0.025	0.027
>PAX7	PAX7	11.04067479538355
0.149	0.015	0.022	0.814
0.989	0.005	0.004	0.002
0.999	0.001	0.0	0.0
0.002	0.006	0.001	0.992
0.003	0.784	0.006	0.207
0.304	0.007	0.689	0.0
0.995	0.0	0.003	0.003
0.003	0.0	0.0	0.997
0.006	0.007	0.002	0.985
>POU4F2	POU4F2	17.162171346843397
0.459	0.147	0.237	0.157
0.036	0.04	0.017	0.907
0.051	0.009	0.918	0.022
0.319	0.679	0.001	0.001
0.993	0.002	0.001	0.004
0.0	0.0	0.0	1.0
0.914	0.003	0.004	0.079
0.75	0.023	0.015	0.211
0.026	0.019	0.01	0.945
0.102	0.003	0.003	0.893
0.907	0.008	0.069	0.017
0.996	0.001	0.003	0.0
0.007	0.01	0.024	0.959
0.036	0.047	0.615	0.301
0.807	0.061	0.071	0.062
>RUNX3	RUNX3	9.823029291752247
0.518	0.198	0.021	0.263
0.682	0.062	0.217	0.039
0.927	0.04	0.033	0.0
0.0	1.0	0.0	0.0
0.0	0.997	0.003	0.0
0.386	0.01	0.599	0.005
0.004	0.977	0.012	0.007
0.91	0.044	0.024	0.022
0.671	0.089	0.156	0.085
>SP4	SP4	16.410873289755695
0.139	0.314	0.184	0.363
0.517	0.037	0.015	0.43
0.567	0.032	0.358	0.043
0.164	0.001	0.832	0.003
0.055	0.944	0.0	0.001
0.0	0.969	0.001	0.029
0.751	0.248	0.001	0.0
0.0	1.0	0.0	0.0
0.002	0.003	0.986	0.01
0.0	0.999	0.001	0.0
0.001	0.999	0.0	0.0
0.0	0.984	0.001	0.015
0.423	0.559	0.002	0.015
0.021	0.781	0.004	0.195
0.215	0.169	0.044	0.573
0.138	0.285	0.086	0.491
>SPDEF	SPDEF	11.517332385076426
0.796	0.017	0.03	0.157
0.361	0.522	0.102	0.015
0.011	0.97	0.019	0.0
0.049	0.951	0.0	0.0
0.0	0.0	0.999	0.0
0.001	0.0	0.997	0.002
0.998	0.0	0.001	0.0
0.102	0.013	0.002	0.883
0.228	0.088	0.675	0.01
0.01	0.222	0.005	0.764
>SPI1	SPI1	15.933301941783908
0.645	0.091	0.187	0.078
0.911	0.005	0.069	0.015
0.992	0.0	0.002	0.006
0.981	0.0	0.0	0.019
0.9	0.001	0.003	0.097
0.009	0.044	0.947	0.0
0.272	0.617	0.11	0.0
0.005	0.0	0.994	0.0
0.0	0.0	1.0	0.0
0.999	0.0	0.0	0.0
0.999	0.0	0.0	0.001
0.0	0.034	0.966	0.0
0.004	0.014	0.002	0.98
>SPIC	SPIC	12.840937455565935
0.392	0.226	0.185	0.196
0.535	0.102	0.231	0.132
0.769	0.103	0.054	0.074
0.937	0.043	0.0	0.019
0.695	0.0	0.0	0.305
0.1	0.251	0.605	0.043
0.451	0.303	0.246	0.0
0.0	0.035	0.952	0.013
0.048	0.0	0.856	0.096
0.899	0.031	0.0	0.07
0.787	0.127	0.053	0.033
0.053	0.0	0.947	0.0
0.161	0.086	0.061	0.693
>SRF	SRF	16.419039031258986
0.138	0.081	0.052	0.729
0.043	0.087	0.656	0.213
0.405	0.394	0.093	0.108
0.0	0.992	0.008	0.0
0.002	0.982	0.006	0.01
0.925	0.011	0.015	0.05
0.033	0.0	0.004	0.963
0.998	0.0	0.002	0.0
0.001	0.003	0.005	0.991
0.986	0.0	0.0	0.014
0.288	0.008	0.0	0.704
0.004	0.005	0.991	0.0
0.004	0.001	0.991	0.004
0.152	0.061	0.389	0.398
0.214	0.649	0.092	0.046
>T	T	16.001737702360593
0.007	0.022	0.003	0.968
0.261	0.556	0.154	0.03
0.693	0.01	0.257	0.039
0.0	1.0	0.0	0.0
0.967	0.0	0.033	0.0
0.037	0.875	0.019	0.069
0.248	0.482	0.182	0.088
0.079	0.076	0.027	0.818
0.802	0.023	0.095	0.08
0.09	0.17	0.493	0.247
0.079	0.016	0.862	0.043
0.0	0.027	0.002	0.971
0.002	0.0	0.998	0.0
0.057	0.264	0.008	0.671
0.036	0.12	0.684	0.16
>TBX2	TBX2	10.113348497380658
0.395	0.126	0.225	0.253
0.723	0.013	0.163	0.101
0.129	0.111	0.683	0.076
0.003	0.011	0.982	0.004
0.0	0.093	0.006	0.901
0.008	0.0	0.988	0.004
0.079	0.1	0.007	0.814
0.05	0.208	0.514	0.228
0.921	0.008	0.036	0.035
0.601	0.117	0.126	0.156
>TBX20	TBX20	11.383999187587106
0.344	0.007	0.212	0.437
0.85	0.034	0.08	0.036
0.073	0.05	0.839	0.038
0.0	0.0	0.935	0.065
0.0	0.0	0.017	0.983
0.0	0.002	0.991	0.007
0.014	0.002	0.019	0.966
0.067	0.014	0.803	0.115
0.971	0.002	0.01	0.017
0.705	0.02	0.065	0.21
>TBX21	TBX21	10.617689008733887
0.528	0.06	0.213	0.198
0.891	0.006	0.073	0.03
0.108	0.042	0.779	0.071
0.0	0.004	0.988	0.007
0.001	0.039	0.003	0.956
0.0	0.0	0.999	0.0
0.037	0.067	0.007	0.889
0.016	0.025	0.885	0.073
0.991	0.0	0.009	0.0
>TEAD1	TEAD1	8.802988942165241
0.192	0.401	0.13	0.277
0.572	0.078	0.31	0.04
0.181	0.786	0.018	0.015
0.923	0.051	0.0	0.026
0.0	0.009	0.003	0.988
0.227	0.028	0.0	0.744
0.024	0.954	0.002	0.02
0.0	0.795	0.001	0.204
0.429	0.075	0.142	0.353
>TFAP4	TFAP4	10.241881557199756
0.763	0.111	0.075	0.051
0.536	0.135	0.015	0.314
0.0	1.0	0.0	0.0
0.999	0.001	0.0	0.0
0.001	0.024	0.971	0.004
0.006	0.978	0.014	0.002
0.0	0.0	0.0	0.999
0.0	0.0	1.0	0.0
0.468	0.029	0.086	0.417
>TFCP2	TFCP2	10.177489352890403
0.589	0.106	0.224	0.082
0.903	0.009	0.038	0.05
0.837	0.003	0.012	0.148
0.002	0.995	0.003	0.0
0.007	0.821	0.001	0.17
0.181	0.004	0.805	0.01
0.002	0.015	0.981	0.002
0.237	0.044	0.0	0.72
0.066	0.086	0.029	0.82
>TFEB	TFEB	9.482080311352895
0.468	0.146	0.353	0.032
0.134	0.261	0.144	0.46
0.002	0.998	0.0	0.0
0.933	0.031	0.007	0.029
0.0	0.876	0.008	0.116
0.235	0.024	0.74	0.0
0.048	0.018	0.016	0.919
0.001	0.001	0.997	0.001
0.684	0.184	0.068	0.063
>ZBTB7B	ZBTB7B	11.8447434611058
0.288	0.086	0.429	0.197
0.063	0.814	0.099	0.024
0.168	0.008	0.79	0.033
0.885	0.114	0.0	0.001
0.003	0.997	0.001	0.0
0.0	0.999	0.001	0.0
0.692	0.306	0.001	0.001
0.003	0.997	0.0	0.001
0.0	0.996	0.0	0.004
0.234	0.138	0.539	0.089
0.678	0.108	0.081	0.134
>ZBTB7C	ZBTB7C	10.85274979813312
0.267	0.116	0.455	0.161
0.12	0.667	0.141	0.072
0.215	0.078	0.623	0.084
0.798	0.176	0.006	0.019
0.037	0.963	0.0	0.0
0.0	0.982	0.005	0.014
0.78	0.206	0.006	0.008
0.017	0.96	0.007	0.016
0.072	0.813	0.043	0.072
0.249	0.136	0.518	0.098
0.477	0.208	0.118	0.197
>ZIC1	ZIC1	14.62932654697419
0.028	0.099	0.647	0.226
0.692	0.081	0.226	0.001
0.028	0.966	0.002	0.004
0.041	0.944	0.007	0.009
0.089	0.869	0.011	0.032
0.0	1.0	0.0	0.0
0.006	0.993	0.0	0.0
0.001	0.64	0.0	0.359
0.063	0.001	0.935	0.0
0.001	0.792	0.013	0.195
0.034	0.049	0.155	0.761
0.002	0.001	0.997	0.0
0.109	0.268	0.059	0.564
>ZIC3	ZIC3	15.195733073108386
0.066	0.166	0.54	0.228
0.685	0.134	0.181	0.0
0.033	0.949	0.0	0.019
0.032	0.923	0.014	0.032
0.096	0.821	0.0	0.083
0.0	1.0	0.0	0.0
0.0	1.0	0.0	0.0
0.0	0.7	0.0	0.3
0.089	0.02	0.882	0.008
0.018	0.82	0.028	0.134
0.069	0.1	0.204	0.627
0.013	0.0	0.974	0.013
0.12	0.445	0.065	0.37
0.012	0.008	0.884	0.095
>LBX2	LBX2	7.689265623441957
0.27	0.247	0.278	0.206
0.122	0.48	0.159	0.239
0.048	0.501	0.033	0.418
0.806	0.091	0.087	0.015
0.855	0.083	0.037	0.025
0.0	0.009	0.038	0.953
0.041	0.07	0.079	0.81
0.912	0.01	0.032	0.045
0.33	0.145	0.379	0.146
>LHX2	LHX2	8.983985367873617
0.331	0.219	0.321	0.129
0.056	0.722	0.096	0.126
0.01	0.244	0.001	0.745
0.874	0.11	0.005	0.011
0.999	0.0	0.001	0.0
0.0	0.0	0.0	1.0
0.005	0.021	0.054	0.92
0.848	0.0	0.143	0.009
0.397	0.141	0.316	0.145
>LHX9	LHX9	6.924788543566287
0.189	0.379	0.199	0.233
0.077	0.48	0.0	0.443
0.741	0.143	0.046	0.07
1.0	0.0	0.0	0.0
0.0	0.0	0.0	1.0
0.035	0.065	0.15	0.749
0.876	0.016	0.066	0.042
>LMX1A	LMX1A	7.487779398955817
0.13	0.232	0.198	0.44
0.072	0.166	0.013	0.75
0.835	0.051	0.059	0.055
0.969	0.007	0.005	0.019
0.027	0.01	0.006	0.957
0.121	0.049	0.06	0.77
0.814	0.016	0.117	0.052
>LMX1B	LMX1B	6.6725151555419915
0.211	0.235	0.24	0.314
0.112	0.294	0.035	0.559
0.791	0.059	0.063	0.086
0.935	0.014	0.01	0.041
0.07	0.002	0.01	0.917
0.215	0.065	0.066	0.653
0.872	0.02	0.004	0.104
>MEOX2	MEOX2	7.998893185613689
0.338	0.16	0.286	0.216
0.109	0.299	0.5	0.092
0.047	0.163	0.021	0.77
0.65	0.244	0.082	0.024
0.939	0.031	0.011	0.019
0.003	0.002	0.007	0.988
0.032	0.167	0.138	0.663
0.813	0.012	0.139	0.035
0.403	0.141	0.171	0.285
>MNX1	MNX1	8.053398498428885
0.349	0.041	0.351	0.259
0.208	0.274	0.313	0.205
0.002	0.351	0.011	0.636
0.775	0.154	0.0	0.071
0.944	0.056	0.0	0.0
0.012	0.065	0.0	0.923
0.167	0.025	0.078	0.73
1.0	0.0	0.0	0.0
0.524	0.089	0.184	0.204
>MSX2	MSX2	8.070980460926526
0.152	0.496	0.246	0.106
0.03	0.731	0.012	0.227
0.916	0.043	0.018	0.023
0.992	0.008	0.0	0.0
0.0	0.0	0.0	1.0
0.014	0.046	0.019	0.921
0.976	0.018	0.0	0.006
>NKX3-2	NKX3-2	8.601233225826642
0.386	0.181	0.282	0.152
0.158	0.525	0.26	0.057
0.003	0.916	0.003	0.078
0.931	0.017	0.008	0.044
0.029	0.962	0.004	0.005
0.001	0.006	0.004	0.989
0.004	0.033	0.0	0.962
0.816	0.051	0.025	0.109
>OTX1	OTX1	7.604942936722218
0.218	0.277	0.136	0.368
0.031	0.004	0.0	0.966
0.967	0.0	0.01	0.022
1.0	0.0	0.0	0.0
0.009	0.0	0.118	0.873
0.026	0.933	0.026	0.015
0.022	0.647	0.239	0.093
>OTX2	OTX2	7.8768198221305
0.216	0.244	0.088	0.452
0.033	0.005	0.0	0.962
0.942	0.001	0.012	0.045
1.0	0.0	0.0	0.0
0.012	0.002	0.077	0.909
0.034	0.904	0.023	0.04
0.028	0.717	0.042	0.213
>PDX1	PDX1	7.359462985735049
0.208	0.309	0.342	0.14
0.039	0.333	0.0	0.628
0.655	0.31	0.025	0.011
0.994	0.006	0.0	0.0
0.0	0.0	0.0	1.0
0.0	0.0	0.0	1.0
1.0	0.0	0.0	0.0
>PHOX2A	PHOX2A	10.389214851338085
0.141	0.081	0.032	0.746
0.805	0.016	0.108	0.07
0.997	0.0	0.003	0.0
0.076	0.248	0.035	0.641
0.044	0.369	0.16	0.426
0.093	0.339	0.06	0.508
0.789	0.05	0.131	0.03
0.947	0.016	0.026	0.011
0.0	0.001	0.0	0.999
0.085	0.058	0.006	0.852
>PITX3	PITX3	7.874282349962307
0.26	0.308	0.261	0.171
0.185	0.335	0.093	0.387
0.072	0.007	0.001	0.919
0.933	0.005	0.039	0.024
0.998	0.0	0.002	0.0
