>RRCAGMTGK	ATOH1_HUMAN.H11MO.0.B	4.103135
0.5305134378350282	0.044553538487021475	0.3764285917002944	0.04850443197765567
0.3230915295767327	0.15517855622477914	0.5186607573631257	0.003069156835362354
0.005044603580679456	0.9868416360032787	0.005044603580679456	0.003069156835362354
0.9888170827485957	0.003069156835362354	0.003069156835362354	0.005044603580679456
0.003069156835362354	0.01097094381663076	0.9651117218047905	0.020848177543216263
0.5818750532132729	0.37840403844561155	0.03665175150575307	0.003069156835362354
0.020848177543216263	0.00899549707131366	0.005044603580679456	0.9651117218047905
0.005044603580679456	0.003069156835362354	0.9809152957673274	0.01097094381663076
0.034676304760435976	0.11171872782780291	0.7162054318948359	0.13739953551692524
>vCAGCTGbbnbbbbYYhv	PTF1A_HUMAN.H11MO.0.B	4.3415099999999995
0.15320310947946203	0.4435937810410759	0.3606250177377576	0.04257809174170437
0.016897284052582062	0.9453572543516195	0.014921837307264962	0.022823624288533365
0.9315291271343998	0.01294639056194786	0.00899549707131366	0.04652898523233858
0.00899549707131366	0.04652898523233858	0.759665260291812	0.18481025740453566
0.0781361331574122	0.8604130443029842	0.024799071033850466	0.036651751505753075
0.016897284052582062	0.007020050325996556	0.005044603580679456	0.9710380620407418
0.01294639056194786	0.018872730797899164	0.9256027868984485	0.04257809174170438
0.02282362428853336	0.44161833429575875	0.2737053609438052	0.2618526804719026
0.05838166570424118	0.42186386684258775	0.1215959615543884	0.39815850589878254
0.14925221598882785	0.3132142958501472	0.23814731952809737	0.2993861686329275
0.0840624733933635	0.40803573962536804	0.24999999999999997	0.2579017869812684
0.13542408877160814	0.41198663311600225	0.14135042900755942	0.31123884910483013
0.14727676924351074	0.23222097929214608	0.22629463905619476	0.39420761240814833
0.05640621895892407	0.34482144377522084	0.13739953551692524	0.46137280174892975
0.074185239666778	0.40210939938941676	0.07220979292146089	0.45149556802234425
0.0662834526855096	0.5976786271758098	0.13344864202629106	0.20258927811238958
0.2420982130187316	0.4376674408051246	0.06825889943082669	0.2519754467453171
0.18085936391390148	0.4811272692021008	0.17690847042326727	0.16110489646073045
