>dKhGCGTGh	AHR_HUMAN.H11MO.0.B	3.3775000000000004
0.262728374765856	0.1227600511842322	0.362725638699551	0.25178593535036087
0.07633328991810645	0.08258130543118362	0.22593295481662123	0.6151524498340887
0.14450570038747923	0.28392173880411337	0.13815442099009081	0.4334181398183167
0.023935814057894068	0.016203821748029118	0.9253278681170539	0.03453249607702277
0.007919544273173793	0.953597675415874	0.017308392078009837	0.021174388232942286
0.02956192959210962	0.012890110758086997	0.9474192747166682	0.010128684933135217
0.007919544273173797	0.029561929592109615	0.012337825593096645	0.9501807005416201
0.007919544273173793	0.007919544273173793	0.9762413671804787	0.007919544273173793
0.27886589130660366	0.4285328543459993	0.10955683916661985	0.18304441518077724
>hnnGGWWnddWWGGdbWh	AIRE_HUMAN.H11MO.0.C	5.64711
0.38551919443239085	0.2604245534178759	0.1353299124033618	0.21872633974637148
0.18745267949274294	0.18745267949274294	0.14575446582123766	0.4793401751932764
0.14575446582123777	0.14575446582123777	0.2083017863284958	0.5001892820290286
0.0623580384782284	0.020659824806723626	0.8337749914010671	0.08320714531398087
0.020659824806723633	0.020659824806723633	0.7712276708938095	0.18745267949274314
0.3125473205072573	0.062358038478228406	0.04150893164247602	0.5835857093720382
0.37509464101451423	0.10405625214973326	0.04150893164247601	0.4793401751932766
0.3542455341787623	0.14575446582123766	0.14575446582123766	0.3542455341787623
0.3333964273430096	0.08320714531398082	0.14575446582123763	0.43764196152177187
0.5001892820290291	0.10405625214973323	0.1457544658212377	0.25000000000000006
0.3750946410145142	0.062358038478228385	0.08320714531398087	0.47934017519327654
0.22915089316424753	0.14575446582123777	0.0832071453139809	0.5418874957005338
0.020659824806723626	0.04150893164247601	0.8337749914010671	0.10405625214973326
0.02065982480672364	0.02065982480672364	0.9171714187440766	0.04150893164247604
0.2291508931642474	0.10405625214973323	0.25000000000000006	0.41679285468601945
0.08320714531398082	0.1874526794927429	0.1874526794927429	0.5418874957005333
0.4376419615217712	0.041508931642476	0.16660357265699038	0.3542455341787624
0.3907314711413288	0.26563683012681466	0.11969308227654708	0.2239386164553094
>vTRATYGnATTA	ALX1_HUMAN.H11MO.0.B	5.600009999999999
0.41820053141754115	0.213156074070443	0.27082482769931493	0.09781856681270079
0.08260042349397095	0.11143480030840654	0.024931669865099582	0.7810331063325231
0.7201605330576032	0.05376604667953523	0.1146386199544549	0.11143480030840647
0.8066636635009102	0.08260042349397091	0.024931669865099575	0.08580424314001926
0.024931669865099582	0.11143480030840654	0.024931669865099582	0.8387018599613941
0.053766046679535204	0.22997612721219754	0.1402691771228423	0.5759886489854249
0.46065114172768246	0.02493166986509957	0.4894855185421183	0.02493166986509957
0.34531363446994	0.2556066843805846	0.34531363446994	0.05376604667953529
0.7233643527036515	0.02493166986509957	0.14026917712284237	0.11143480030840644
0.11463861995445493	0.024931669865099575	0.053766046679535245	0.8066636635009102
0.0826004234939709	0.05376604667953524	0.05376604667953524	0.8098674831469587
0.7714216473943779	0.07619278420187406	0.07619278420187406	0.07619278420187406
>WKThYYddbhTRTTTRYh	ANDR_HUMAN.H11MO.0.A	5.40531
0.14954724132441483	0.07235201790869418	0.03870281795825187	0.739397922808639
0.06443455909682541	0.05057900617605505	0.7710677580561142	0.11391867667100529
0.070372653205727	0.0683932885027598	0.016929806225612718	0.8443042520659004
0.1891345353837587	0.17329961776002117	0.14558851191848043	0.4919773349377396
0.08026947672056298	0.7275217345908359	0.038702817958251874	0.15350597073034922
0.12381550018584125	0.2782059470172825	0.034744088552317476	0.5632344642445586
0.18121707657188996	0.13569168840364446	0.1970519941956275	0.48603924082883804
0.1990313588985947	0.17923771186892276	0.21684564122529945	0.40488528800718304
0.17725834716595557	0.1930932647896931	0.22278373533420104	0.4068646527101502
0.20101072360156189	0.2564329352846434	0.12183613548287406	0.42072020563092055
0.07433138261166139	0.016929806225612718	0.016929806225612718	0.8918090049371131
0.2544535705816761	0.03276472384935028	0.6859550758285247	0.026826629740448693
0.030785359146383084	0.0248472650374815	0.022867900334514305	0.921499475481621
0.02088853563154711	0.009012347413743935	0.10006312375023493	0.870035993204474
0.010991712116711131	0.010991712116711131	0.0664139237997926	0.911602651966785
0.41874084092795344	0.030785359146383084	0.49197733493773965	0.058496464987923824
0.08818693553243175	0.5216678054822476	0.05057900617605504	0.33956625280926556
0.2900821352350857	0.1594440648392508	0.05651710028495662	0.4939566996407068
>dddSCCTGRGGShdd	AP2A_HUMAN.H11MO.0.A	4.2035599999999995
0.4141169382793033	0.1861574170517341	0.19382455468575843	0.20590108998320414
0.23134924721686195	0.09307108540963213	0.13608491246430135	0.5394947549092045
0.1776599503680134	0.09630896049218399	0.46752281406169777	0.25850827507810487
0.01376965154904706	0.5172828416530185	0.4292216682862033	0.03972583851173108
0.0030691568353623465	0.9907925294939128	0.0030691568353623465	0.0030691568353623465
0.0030691568353623474	0.8929813839637486	0.0030691568353623474	0.10088030236552661
0.05338232531899576	0.11300803814518014	0.01569687957240544	0.8179127569634186
0.004885142573691113	0.003069156835362347	0.7898564693253173	0.2021892312656293
0.5318306334585318	0.04118293155621342	0.4072814868638876	0.019704948121367083
0.14348281404213353	0.003069156835362347	0.8486453452906871	0.004802683831816828
0.0030691568353623465	0.0030691568353623465	0.9907925294939128	0.0030691568353623465
0.05034626518958709	0.552360767039489	0.37840149252769506	0.018891475243228786
0.307538933851269	0.38001995331500343	0.09368271230785014	0.21875840052587744
0.5098118208453923	0.09534307033065999	0.2048195636421327	0.19002554518181486
0.23866102677877943	0.15013428229176762	0.2089081365224908	0.4022965544069621
>GSCYGRGGRv	AP2B_HUMAN.H11MO.0.B	4.229699999999999
0.06195438553664434	0.026640655120990717	0.7258525173509331	0.18555244199143187
0.02664065512099071	0.6057858339377106	0.2455857836980429	0.1219877272432557
0.026640655120990724	0.8882956772629396	0.026640655120990724	0.05842301249507905
0.1290504733263864	0.5386897461479682	0.026640655120990692	0.3056191254046547
0.09373674291073258	0.058423012495079	0.8211995894731976	0.026640655120990703
0.3197446175709156	0.3091504984462199	0.3444642288618738	0.026640655120990713
0.09020536986916727	0.05842301249507904	0.7894172320991093	0.06195438553664434
0.02664065512099071	0.02664065512099071	0.9200780346370279	0.02664065512099071
0.1970294043765196	0.13699606266990846	0.631388288489059	0.03458624446451278
0.22528038870904252	0.42656865207826805	0.2535313730415656	0.09461958617112386
>vddSCCTGRGGShv	AP2C_HUMAN.H11MO.0.A	3.55351
0.385543184337189	0.20163135207798433	0.2693265124058656	0.14349895117896108
0.19673698032532336	0.1251501700331046	0.16742664641417557	0.5106862032273964
0.18539933626773691	0.10161640956726331	0.5151344299223461	0.19784982424265357
0.012486898910523847	0.5038839826569937	0.46916853499267425	0.014460583439808295
0.006826070528919989	0.9792196734445063	0.010885099191211115	0.003069156835362354
0.004914449696994991	0.9432066867905554	0.005385213555233134	0.04649364995721648
0.0524703704290336	0.13331641966946914	0.028134740289508867	0.7860784696119884
0.037999224694782806	0.0030691568353623543	0.9090177046875074	0.04991391378234731
0.5512924935688144	0.02815600691131936	0.41380144099236776	0.006750058527498588
0.07560817627267268	0.0030691568353623548	0.9163069026624262	0.005015764229538671
0.003069156835362354	0.003069156835362354	0.988932177011926	0.004929509317349133
0.031645528891314396	0.6137264993048606	0.3398997372467331	0.01472823455709181
0.3131412662347189	0.3502927046322953	0.09902875904250544	0.23753727009048048
0.4260870521284979	0.171495908219222	0.2417704816911111	0.16064655796116895
>nbYKnRTATTSKd	ARI5B_HUMAN.H11MO.0.C	5.153625
0.22176425443107933	0.1088212721553956	0.33470723670676245	0.33470723670676245
0.15117489050877667	0.26411787278446075	0.3770608550601439	0.2076463816466187
0.03823190823309347	0.2641178727844605	0.2076463816466185	0.4900038373358275
0.0382319082330935	0.15117489050877667	0.32058936392230186	0.490003837335828
0.320589363922302	0.09470339937093529	0.320589363922302	0.26411787278446086
0.20764638164661867	0.09470339937093523	0.6029468196115109	0.09470339937093523
0.0382319082330935	0.0382319082330935	0.0382319082330935	0.8853042753007195
0.7723612930250363	0.0382319082330935	0.15117489050877667	0.0382319082330935
0.0382319082330935	0.15117489050877667	0.0382319082330935	0.7723612930250363
0.038231908233093484	0.09470339937093522	0.09470339937093522	0.772361293025036
0.15117489050877672	0.26411787278446086	0.49000383733582725	0.09470339937093529
0.1511748905087766	0.0947033993709352	0.2641178727844606	0.4900038373358277
0.25	0.1370570177243168	0.4194144734135252	0.19352850886215797
>vdRCGTGMh	ARNT_HUMAN.H11MO.0.B	3.084425
0.15320310947946203	0.2835825946703907	0.42779020707853904	0.13542408877160814
0.13937498226224235	0.07616068641209509	0.24209821301873158	0.5423661183069309
0.6964509644416648	0.03270085801511887	0.2460491065093658	0.024799071033850466
0.01294639056194786	0.9394309141156683	0.005044603580679456	0.04257809174170438
0.00899549707131366	0.005044603580679456	0.9809152957673274	0.005044603580679456
0.003069156835362354	0.003069156835362354	0.005044603580679456	0.9888170827485957
0.003069156835362354	0.00899549707131366	0.9828907425126444	0.005044603580679456
0.35469867750180634	0.5226116508537599	0.026774517779167565	0.0959151538652661
0.15517855622477916	0.4989062899099547	0.14530132249819366	0.20061383136707248
>hnvCASCTGYYbhh	ASCL1_HUMAN.H11MO.0.A	3.95131
0.19035054783105418	0.4351189894898319	0.17595240420406724	0.1985780584750467
0.219146835085028	0.2458862446780037	0.1615542605770803	0.3734126596598879
0.22120371274602615	0.25411375532199626	0.4248346011848413	0.09984793074713635
0.009345313663218544	0.9719640590103443	0.007288436002220411	0.011402191324216675
0.9719640590103443	0.007288436002220411	0.003174680680224146	0.01757282430721107
0.009345313663218542	0.609953590674673	0.35695763837190286	0.023743457290205466
0.011402191324216675	0.9699071813493462	0.005231558341222279	0.013459068985214807
0.011402191324216675	0.005231558341222279	0.005231558341222279	0.9781346919933388
0.007288436002220411	0.007288436002220411	0.9678503036883481	0.01757282430721107
0.011402191324216675	0.7745038035545236	0.08544978712014943	0.1286442180011102
0.0833929094591513	0.41866396820184687	0.009345313663218544	0.48859780867578334
0.10396168606913263	0.38369704796487863	0.2746825319319776	0.23765873403401122
0.13275797332310646	0.4885978086757833	0.09984793074713634	0.2787962872539739
0.1677248935600747	0.4042658245748599	0.15332674993308779	0.2746825319319776
>ndRTGACGYvd	ATF1_HUMAN.H11MO.0.B	4.35877
0.2875334881610249	0.35864957099244055	0.15912944971541337	0.1946874911311212
0.35667412424712347	0.11566962131843711	0.3606250177377577	0.16703123669668177
0.3507477840111722	0.10776783433716872	0.5068080768912231	0.034676304760435976
0.020848177543216263	0.00899549707131366	0.034676304760435976	0.935480020625034
0.022823624288533365	0.01294639056194786	0.9433818076063024	0.020848177543216263
0.9374554673703511	0.01294639056194786	0.018872730797899164	0.03072541126980177
0.034676304760435976	0.8228795561419593	0.05640621895892408	0.0860379201386806
0.026774517779167565	0.018872730797899164	0.8683148312842526	0.0860379201386806
0.0801115799027293	0.3171651893407814	0.01887273079789916	0.58385049995859
0.2875334881610249	0.46334824849424694	0.14530132249819366	0.1038169408465345
0.5324888845803455	0.11566962131843711	0.18678570414985277	0.16505578995136466
>dvTGAbGWMAb	ATF2_HUMAN.H11MO.0.B	4.5273
0.31518974259546434	0.08998881362931481	0.4613728017489298	0.13344864202629106
0.42186386684258775	0.16703123669668174	0.38235493193624576	0.028749964524484663
0.022823624288533365	0.026774517779167565	0.014921837307264962	0.935480020625034
0.018872730797899164	0.016897284052582062	0.9315291271343998	0.03270085801511887
0.895971085718692	0.014921837307264962	0.016897284052582062	0.0722097929214609
0.03665175150575307	0.3606250177377576	0.24802455325468287	0.35469867750180634
0.005044603580679456	0.044553538487021475	0.9256027868984485	0.024799071033850466
0.12752230179033971	0.074185239666778	0.028749964524484667	0.7695424940183976
0.15912944971541337	0.7695424940183976	0.03862719825107017	0.03270085801511887
0.8683148312842526	0.020848177543216263	0.0662834526855096	0.044553538487021475
0.06430800594019248	0.25395089349063416	0.18481025740453566	0.4969308431646376
>dRTSACGTRRb	ATF3_HUMAN.H11MO.0.A	3.7810750000000004
0.22234374556556055	0.0919642603746319	0.5759487129773216	0.1097432810824858
0.2559263402359513	0.030725411269801765	0.7043527514229332	0.008995497071313658
0.020848177543216263	0.044553538487021475	0.01097094381663076	0.9236273401531314
0.01294639056194786	0.4752009289661495	0.5048326301459061	0.007020050325996556
0.9315291271343998	0.026774517779167565	0.007020050325996556	0.034676304760435976
0.005044603580679456	0.8070759821794224	0.044553538487021475	0.14332587575287656
0.04060264499638728	0.020848177543216263	0.9177009999171801	0.020848177543216263
0.030725411269801765	0.22431919231087766	0.010970943816630758	0.7339844526026896
0.2658035739625368	0.16505578995136463	0.5324888845803454	0.03665175150575307
0.5719978194866875	0.10579238759185161	0.2519754467453171	0.0702343461761438
0.0959151538652661	0.29543527514229334	0.2756808076891223	0.3329687633033182
>dnMTGATGCAAY	ATF4_HUMAN.H11MO.0.A	2.69043
0.39618305915346547	0.0662834526855096	0.3803794851909287	0.15715400297009627
0.2361718727827803	0.18678570414985277	0.3922321656628313	0.18481025740453566
0.5305134378350282	0.32901786981268405	0.13739953551692524	0.003069156835362354
0.005044603580679456	0.005044603580679456	0.003069156835362354	0.9868416360032787
0.003069156835362354	0.00899549707131366	0.9690626152954247	0.018872730797899164
0.9710380620407418	0.00899549707131366	0.01294639056194786	0.007020050325996556
0.003069156835362354	0.05443077221360698	0.00899549707131366	0.933504573879717
0.003069156835362354	0.00899549707131366	0.9848661892579615	0.003069156835362354
0.1038169408465345	0.7952233017075199	0.005044603580679456	0.09591515386526611
0.9848661892579615	0.00899549707131366	0.003069156835362354	0.003069156835362354
0.9888170827485957	0.003069156835362354	0.005044603580679456	0.003069156835362354
0.01887273079789916	0.29148438165165913	0.13147319528097393	0.5581696922694677
>vKSSTGACGTGG	ATF6A_HUMAN.H11MO.0.B	3.07294
0.19313326089657934	0.19313326089657934	0.541023900117506	0.07270957808933513
0.0325683504869206	0.2198940792981887	0.31355694370382314	0.4339806265110676
0.0325683504869206	0.26003530690060406	0.5544043093183112	0.15299203329416416
0.11285080569174986	0.3804589897078475	0.43398062651106745	0.07270957808933519
0.0325683504869206	0.059329168888530404	0.0325683504869206	0.8755341301376285
0.03256835048692059	0.0727095780893352	0.8621537209368236	0.03256835048692059
0.8353929025352138	0.0727095780893352	0.0325683504869206	0.05932916888853039
0.0325683504869206	0.9022949485392383	0.0325683504869206	0.0325683504869206
0.0325683504869206	0.0325683504869206	0.9022949485392383	0.0325683504869206
0.0325683504869206	0.0325683504869206	0.0325683504869206	0.9022949485392383
0.03256835048692059	0.11285080569174988	0.8220124933344091	0.03256835048692059
0.11285080569174988	0.03256835048692059	0.8220124933344091	0.03256835048692059
>RRCAGMTGK	ATOH1_HUMAN.H11MO.0.B	4.103135
0.5305134378350282	0.044553538487021475	0.3764285917002944	0.04850443197765567
0.3230915295767327	0.15517855622477914	0.5186607573631257	0.003069156835362354
0.005044603580679456	0.9868416360032787	0.005044603580679456	0.003069156835362354
0.9888170827485957	0.003069156835362354	0.003069156835362354	0.005044603580679456
0.003069156835362354	0.01097094381663076	0.9651117218047905	0.020848177543216263
0.5818750532132729	0.37840403844561155	0.03665175150575307	0.003069156835362354
0.020848177543216263	0.00899549707131366	0.005044603580679456	0.9651117218047905
0.005044603580679456	0.003069156835362354	0.9809152957673274	0.01097094381663076
0.034676304760435976	0.11171872782780291	0.7162054318948359	0.13739953551692524
>YGCTGAGTCMbbb	BACH1_HUMAN.H11MO.0.A	3.3833599999999997
0.06511197965499606	0.1691696733191499	0.09938622044032913	0.6663321265855249
0.012115223717299197	0.0686423801507362	0.9142151196543289	0.005027276477635626
0.02368155470889739	0.9588585497964713	0.006946204010901874	0.010513691483729342
0.03880052740287518	0.08164167262019052	0.08219077627397614	0.797367023702958
0.006870920974468323	0.06363507508627828	0.8831461293862121	0.04634787455304131
0.7961429347951997	0.023389716030484255	0.12603834286853338	0.05442900630578251
0.016170534265180815	0.2152897626853061	0.7570234582139101	0.011516244835602752
0.009193854982484555	0.0387621568320336	0.14713535790302515	0.8049086302824566
0.019064722197458257	0.9353130662737874	0.03692196633074472	0.008700245198009585
0.7798036749500113	0.09769973388859077	0.08447709510574589	0.03801949605565191
0.012728376567851803	0.3332441158089625	0.2565258426264922	0.3975016649966934
0.15281644539365588	0.2653678938664119	0.3929445827336765	0.18887107800625566
0.10701295540625752	0.3770112964251969	0.37111961015550576	0.1448561380130399
>WGCTKWSTCAb	BACH2_HUMAN.H11MO.0.A	4.3408549999999995
0.1235714082997055	0.09789060061058319	0.07023434617614378	0.7083036449135673
0.016897284052582062	0.0801115799027293	0.8860938519921066	0.016897284052582062
0.04652898523233858	0.915725553171863	0.014921837307264962	0.022823624288533365
0.0801115799027293	0.04060264499638728	0.01097094381663076	0.8683148312842526
0.060357112449558284	0.06233255919487538	0.7873215147262514	0.08998881362931481
0.7517634733105436	0.04060264499638728	0.058381665704241185	0.14925221598882785
0.046528985232338574	0.22431919231087766	0.6648438165165911	0.06430800594019248
0.01294639056194786	0.018872730797899164	0.01097094381663076	0.9572099348235221
0.06233255919487538	0.9117746596812288	0.018872730797899164	0.007020050325996556
0.955234488078205	0.014921837307264962	0.01097094381663076	0.018872730797899164
0.05838166570424118	0.3191406360860985	0.21246651183897505	0.4100111863706852
>ndSTTYChnWhTGAbdn	BATF3_HUMAN.H11MO.0.B	5.387359999999999
0.17295757693263306	0.35272323075648926	0.20654017160302376	0.2677790207078539
0.4811272692021008	0.058381665704241185	0.24407365976404868	0.2164174053296093
0.03270085801511887	0.3882812721721971	0.4989062899099547	0.0801115799027293
0.03270085801511887	0.018872730797899164	0.016897284052582062	0.9315291271343998
0.04850443197765568	0.0662834526855096	0.01097094381663076	0.8742411715202039
0.044553538487021475	0.16110489646073045	0.044553538487021475	0.7497880265652266
0.020848177543216263	0.8485603638310816	0.022823624288533365	0.10776783433716872
0.4989062899099547	0.17888391716858437	0.12159596155438841	0.20061383136707248
0.21049106509365795	0.18283481065921856	0.21839285207492637	0.38828127217219705
0.23024553254682897	0.044553538487021475	0.06628345268550959	0.6589174762806398
0.47915182245678367	0.19863838462175534	0.05838166570424118	0.2638281272172197
0.01097094381663076	0.003069156835362354	0.01294639056194786	0.973013508786059
0.014921837307264962	0.026774517779167565	0.8031250886887883	0.15517855622477916
0.85646215081235	0.00899549707131366	0.044553538487021475	0.08998881362931481
0.1018414941012174	0.4593973550036127	0.3171651893407814	0.1215959615543884
0.2519754467453171	0.1215959615543884	0.14727676924351074	0.47915182245678367
0.2420982130187316	0.3843303786815629	0.18678570414985277	0.18678570414985277
>dbTYYYddWWTGASTnWb	BATF_HUMAN.H11MO.0.A	5.16881
0.4495201212770272	0.0801115799027293	0.2638281272172197	0.20654017160302376
0.05047987872297278	0.3981585058987826	0.3448214437752209	0.2065401716030238
0.014921837307264962	0.020848177543216263	0.04652898523233858	0.9177009999171801
0.13542408877160814	0.3270424230673669	0.026774517779167565	0.5107589703818572
0.08801336688399769	0.23814731952809737	0.054430772213606975	0.6194085413742978
0.14332587575287653	0.5423661183069309	0.04850443197765567	0.2658035739625368
0.3784040384456116	0.0880133668839977	0.3942076124081484	0.13937498226224235
0.36852680471902605	0.1156696213184371	0.23024553254682897	0.2855580414157078
0.3369196567939524	0.020848177543216263	0.0860379201386806	0.5561942455241506
0.5739732662320046	0.15912944971541337	0.024799071033850466	0.2420982130187316
0.005044603580679456	0.005044603580679456	0.003069156835362354	0.9868416360032787
0.007020050325996556	0.058381665704241185	0.8426340235951303	0.0919642603746319
0.9690626152954247	0.01097094381663076	0.014921837307264962	0.005044603580679456
0.1057923875918516	0.5542187987788335	0.31518974259546434	0.024799071033850463
0.074185239666778	0.03270085801511887	0.022823624288533365	0.8702902780295697
0.21246651183897508	0.5048326301459061	0.21246651183897508	0.0702343461761438
0.6075558609023953	0.0860379201386806	0.11171872782780291	0.1946874911311212
0.14332587575287653	0.18678570414985277	0.30531250886887884	0.36457591122839184
>vdvRvRGGAAvYRRvRv	BC11A_HUMAN.H11MO.0.A	5.72026
0.3742114443526796	0.18541438091404114	0.28575734270978437	0.15461683202349494
0.5469490890096516	0.1012887576190351	0.2244070993059955	0.12735505406531777
0.4971425327993551	0.14366330978333836	0.2309467984378623	0.12824735897944423
0.5858750001753088	0.019435425366108972	0.226340408385117	0.1683491660734652
0.18819084289240173	0.16187382666941466	0.5764254061308616	0.07350992430732199
0.6595037805617078	0.017425269271469233	0.2691425956779919	0.053928354488830973
0.1058002945342891	0.017333195146833884	0.8215621487883298	0.055304361530547144
0.20101585377291206	0.03539558417059663	0.7524036905497444	0.011184871506746923
0.872486705710317	0.0456241621948569	0.051030228666524104	0.030858903428301897
0.8604005751214068	0.00878887826624737	0.05789301436796301	0.07291753224438274
0.24841809311824356	0.22633588344026123	0.49909513340720796	0.026150890034287177
0.1513636464344282	0.15613980862493426	0.03419709652383642	0.6582994484168011
0.11942886078187867	0.07463645463058342	0.7540261351172944	0.05190854947024332
0.6538115066877538	0.06665475776727406	0.25065528196717063	0.02887845357780144
0.45626275698922236	0.14473995197749434	0.3094395152814393	0.08955777575184395
0.6182001894721952	0.08091237066203935	0.15841394803058872	0.14247349183517666
0.3576688446564604	0.20524750760580696	0.31725370142157344	0.11982994631615924
>bdMYYTCYAGGAA	BCL6_HUMAN.H11MO.0.A	5.35816
0.16110489646073045	0.2559263402359513	0.19073659764048695	0.39223216566283126
0.17295757693263306	0.12752230179033971	0.41198663311600225	0.2875334881610249
0.14530132249819366	0.6332366685915176	0.13937498226224235	0.0820870266480464
0.0959151538652661	0.22431919231087766	0.01887273079789916	0.6608929230259569
0.04060264499638727	0.19073659764048695	0.11369417457312	0.6549665827900056
0.018872730797899164	0.044553538487021475	0.028749964524484667	0.9078237661905946
0.00899549707131366	0.8228795561419593	0.022823624288533365	0.14530132249819366
0.026774517779167565	0.43174110056917325	0.0959151538652661	0.44556922778639296
0.9611608283141563	0.016897284052582062	0.018872730797899164	0.003069156835362354
0.17295757693263306	0.005044603580679456	0.7655916005277633	0.05640621895892408
0.028749964524484667	0.0722097929214609	0.8327567898685447	0.0662834526855096
0.8288058963779106	0.04652898523233858	0.0860379201386806	0.03862719825107017
0.8130023224153737	0.05640621895892408	0.0761606864120951	0.05443077221360698
>vvRRCAGCTGK	BHA15_HUMAN.H11MO.0.B	3.974375
0.17295757693263306	0.2855580414157078	0.46927458873019817	0.07220979292146089
0.15320310947946203	0.44754467453171004	0.29543527514229334	0.10381694084653449
0.6826228372244452	0.0702343461761438	0.20061383136707248	0.04652898523233858
0.2796317011797565	0.1097432810824858	0.6055804141570781	0.005044603580679455
0.058381665704241185	0.9137501064265459	0.018872730797899164	0.00899549707131366
0.974988955531376	0.007020050325996556	0.01294639056194786	0.005044603580679456
0.00899549707131366	0.007020050325996556	0.955234488078205	0.028749964524484667
0.05640621895892408	0.8702902780295697	0.0662834526855096	0.007020050325996556
0.028749964524484667	0.014921837307264962	0.007020050325996556	0.9493081478422537
0.007020050325996556	0.007020050325996556	0.973013508786059	0.01294639056194786
0.005044603580679456	0.14925221598882785	0.6292857751008833	0.2164174053296093
>dKCACGTGMv	BHE40_HUMAN.H11MO.0.A	3.5601650000000005
0.3448214437752209	0.0860379201386806	0.3685268047190261	0.20061383136707248
0.17098213018731598	0.016897284052582062	0.6233594348649321	0.18876115089516987
0.09986604735590031	0.8900447454827407	0.005044603580679456	0.005044603580679456
0.935480020625034	0.014921837307264962	0.018872730797899164	0.03072541126980177
0.01097094381663076	0.9216518934078143	0.018872730797899164	0.04850443197765568
0.05443077221360698	0.044553538487021475	0.8920201922280578	0.00899549707131366
0.04850443197765568	0.016897284052582062	0.04850443197765568	0.8860938519921066
0.005044603580679456	0.003069156835362354	0.9888170827485957	0.003069156835362354
0.5798996064679559	0.23419642603746318	0.11764506806375422	0.06825889943082669
0.09393970711994899	0.45544646151297846	0.37840403844561155	0.07220979292146089
>nSCAYGTGhbb	BMAL1_HUMAN.H11MO.0.A	3.960135
0.16226302302968357	0.16226302302968357	0.3689857632885113	0.3064881906521215
0.17428178699822006	0.5180184364983639	0.29206567388987775	0.01563410261353827
0.06851666407509886	0.9170414002537757	0.006019091438709072	0.008422844232416371
0.8881963667292881	0.01563410261353827	0.03726787775690397	0.05890165290026966
0.02765286658207477	0.7247411767571917	0.03726787775690397	0.21033807890382955
0.010826597026123671	0.02524911378836747	0.9410789281908487	0.02284536099466017
0.01803785540724557	0.003615338645001773	0.01563410261353827	0.9627127033342144
0.003615338645001773	0.008422844232416371	0.9651164561279217	0.02284536099466017
0.4507133582745595	0.26562439315909747	0.03005661937578207	0.25360562919056095
0.05409414731285506	0.4891734029738763	0.29206567388987775	0.16466677582339087
0.14062924788631787	0.31850695462065803	0.14543675347373247	0.3954270440192916
>bYvvMRdvnvdSTGWKARdd	BRAC_HUMAN.H11MO.0.A	5.10091
0.1215959615543884	0.2519754467453171	0.14727676924351074	0.47915182245678367
0.0801115799027293	0.20258927811238955	0.1077678343371687	0.6095313076477124
0.33494421004863534	0.31123884910483013	0.22431919231087769	0.12949774853565685
0.3329687633033182	0.16505578995136463	0.37840403844561155	0.1235714082997055
0.13937498226224235	0.6687947100072255	0.12949774853565685	0.06233255919487538
0.6648438165165912	0.074185239666778	0.16308034320604756	0.0978906006105832
0.19863838462175537	0.17493302367795016	0.406060292880051	0.22036829882024347
0.18283481065921858	0.2519754467453171	0.4001339526440997	0.16505578995136466
0.24407365976404868	0.16703123669668177	0.33889510353926955	0.25
0.4672991419848811	0.19073659764048698	0.230245532546829	0.11171872782780291
0.34284599702990376	0.05443077221360698	0.4356919940598075	0.16703123669668177
0.06233255919487538	0.12949774853565685	0.7418862395839582	0.0662834526855096
0.04060264499638728	0.018872730797899164	0.007020050325996556	0.933504573879717
0.005044603580679456	0.016897284052582062	0.9611608283141563	0.016897284052582062
0.22431919231087766	0.054430772213606975	0.046528985232338574	0.6747210502431766
0.034676304760435976	0.15320310947946206	0.6273103283555663	0.18481025740453566
0.8979465324640091	0.022823624288533365	0.0643080059401925	0.014921837307264962
0.6549665827900057	0.060357112449558284	0.22234374556556058	0.06233255919487538
0.34877233726585505	0.0899888136293148	0.2618526804719026	0.2993861686329275
0.20061383136707245	0.13739953551692524	0.19863838462175534	0.4633482484942469
>hTTKAWGd	CDX1_HUMAN.H11MO.0.C	5.4783
0.4439599514840362	0.2443663084631192	0.06891705774311957	0.24275668230972514
0.054430422362569106	0.02545715160146828	0.11237696388477088	0.8077354621511917
0.054430422362569106	0.02545715160146828	0.054430422362569106	0.8656820036733934
0.08340369312367003	0.0737459362033031	0.1413502346458716	0.7015001360271553
0.7497889206289903	0.025457151601468282	0.17032350540697247	0.05443042236256912
0.247585560769908	0.1091577115779819	0.054430422362569106	0.5888263052895409
0.2105641592418352	0.02545715160146828	0.7385215375552281	0.02545715160146828
0.20493046770495427	0.11479140311486259	0.3304813076697246	0.34979682151045854
>dTTbATKGShbY	CDX2_HUMAN.H11MO.0.A	5.6422799999999995
0.1554591900626158	0.12341145788045169	0.21314510799051126	0.5079842440664212
0.06572553995255626	0.07854463282542191	0.06572553995255626	0.7900042872694655
0.11059236500758604	0.00803962202466084	0.07213508638898909	0.8092329265787639
0.09136372569828756	0.24519284017267537	0.1746878293719143	0.4887556047571227
0.9630620410531519	0.014449168461093667	0.014449168461093667	0.00803962202466084
0.014449168461093667	0.05931599351612343	0.02085871489752649	0.9053761231252564
0.05290644707969061	0.00803962202466084	0.3092883045370036	0.6297656263586449
0.18750692224477994	0.014449168461093667	0.7900042872694655	0.00803962202466084
0.02085871489752649	0.7451374622144357	0.13623055075331733	0.09777327213472038
0.26442147948197386	0.21314510799051126	0.09136372569828756	0.43106968682922725
0.14264009718975015	0.20032601511764558	0.34774558315560056	0.3092883045370036
0.02085871489752649	0.23237374729980972	0.1746878293719143	0.5720797084307494
>dRTTKhGCAAYv	CEBPA_HUMAN.H11MO.0.A	4.886215
0.23024553254682897	0.13344864202629103	0.36457591122839184	0.27172991419848813
0.34482144377522084	0.18283481065921856	0.4633482484942469	0.008995497071313658
0.01097094381663076	0.007020050325996556	0.00899549707131366	0.973013508786059
0.005044603580679455	0.005044603580679455	0.2796317011797565	0.7102790916588845
0.15912944971541337	0.01097094381663076	0.6154576478836636	0.21444195858429219
0.17690847042326724	0.11962051480907131	0.1176450680637542	0.5858259467039071
0.003069156835362354	0.003069156835362354	0.9868416360032787	0.007020050325996556
0.15715400297009627	0.7655916005277633	0.003069156835362354	0.074185239666778
0.974988955531376	0.01294639056194786	0.005044603580679456	0.007020050325996556
0.9809152957673274	0.003069156835362354	0.01097094381663076	0.005044603580679456
0.01689728405258206	0.2974107218876104	0.17690847042326724	0.5087835236365402
0.31914063608609855	0.3309933165580012	0.22234374556556058	0.12752230179033971
>dRTTRhGCAAYv	CEBPB_HUMAN.H11MO.0.A	4.31214
0.2380465471071599	0.10112517760735536	0.35106101082128427	0.3097672644642004
0.4510353441068558	0.1337255036787374	0.38583469196409176	0.0294044602503149
0.0033241993932092784	0.005497554464634747	0.005497554464634747	0.9856806916775211
0.003324199393209278	0.003324199393209278	0.298900489107073	0.6944511121065083
0.30107384417849853	0.005497554464634747	0.5097159310353435	0.18371267032152322
0.16849918482154494	0.2597800978214146	0.08373833703595163	0.4879823803210888
0.0033241993932092784	0.0033241993932092784	0.9900274018203721	0.0033241993932092784
0.08373833703595163	0.8900530685348006	0.0033241993932092784	0.022884395036038497
0.9900274018203721	0.0033241993932092784	0.0033241993932092784	0.0033241993932092784
0.9900274018203721	0.0033241993932092784	0.0033241993932092784	0.0033241993932092784
0.003324199393209278	0.2445666123214363	0.1489389891787157	0.6031701991066386
0.36844785139268804	0.3315008151784551	0.18371267032152322	0.11633866310733365
>vTTGCdYMAbh	CEBPD_HUMAN.H11MO.0.C	5.262345
0.45198942970867356	0.23271484097847533	0.2682728823941832	0.04702284691866785
0.0055384652670087305	0.13196705696730324	0.02331748597486264	0.8391769917908254
0.009489358757642934	0.03121927295613104	0.02134203922954554	0.9379493290566804
0.04504740017335075	0.029243826210813943	0.8055943971204347	0.12011437649540059
0.019366592484228437	0.9517774562739001	0.013440252248277136	0.015415698993594237
0.4559403231993077	0.12208982324071768	0.2781501161207687	0.1438197374392058
0.12406526998603477	0.5764425746636509	0.02924382621081394	0.27024832913950025
0.5863198083902363	0.38087334687725793	0.007513912012325831	0.02529293272017974
0.8213979710829714	0.06677731437183887	0.04702284691866785	0.06480186762652176
0.026774517779167565	0.47915182245678367	0.17888391716858434	0.31518974259546434
0.20851561834834087	0.485078162692735	0.074185239666778	0.23222097929214608
>dTKSGMAAThdb	CEBPE_HUMAN.H11MO.0.A	5.429615
0.11339499356458627	0.10818892881167891	0.2019817378774615	0.5764343397462734
0.0020462360450847245	0.0020462360450847245	0.10045430881262896	0.8954532190972015
0.22747652716895167	0.002046236045084735	0.46375754379580575	0.3067196929901579
0.049061133850069195	0.5679548273109141	0.21832843930398269	0.1646555995350341
0.08727437486598055	0.0020462360450847253	0.90863315304385	0.0020462360450847253
0.32030626810337004	0.44415931673772324	0.0027205633287961193	0.23281385183011058
0.8421781836986341	0.152204110633608	0.0035714696226731607	0.002046236045084726
0.9938612918647458	0.002046236045084716	0.002046236045084716	0.002046236045084716
0.002046236045084726	0.15051424727757695	0.012690882331252451	0.8347486343460859
0.26445676243628286	0.4837511089566878	0.04243364687276256	0.20935848173426672
0.21328670483554546	0.07179312077881156	0.18125442977494594	0.533665744610697
0.11404096279964025	0.3109465853828706	0.2056584199188873	0.36935403189860183
>RTTRCATCAKhh	CEBPG_HUMAN.H11MO.0.B	3.951815
0.5581696922694677	0.1255468550450226	0.2875334881610249	0.028749964524484663
0.003069156835362354	0.003069156835362354	0.003069156835362354	0.9907925294939128
0.005044603580679456	0.003069156835362354	0.04257809174170438	0.9493081478422537
0.17690847042326727	0.005044603580679456	0.6826228372244452	0.13542408877160816
0.005044603580679456	0.9868416360032787	0.005044603580679456	0.003069156835362354
0.8604130443029842	0.044553538487021475	0.0761606864120951	0.018872730797899164
0.018872730797899164	0.034676304760435976	0.016897284052582062	0.9295536803890827
0.058381665704241185	0.915725553171863	0.01097094381663076	0.014921837307264962
0.9828907425126444	0.003069156835362354	0.00899549707131366	0.005044603580679456
0.01887273079789916	0.13739953551692524	0.39618305915346547	0.44754467453171004
0.25592634023595134	0.39618305915346547	0.13344864202629106	0.21444195858429219
0.19666293787643827	0.36260046448307476	0.0959151538652661	0.34482144377522084
>SdvnCAMRYGvvvh	CLOCK_HUMAN.H11MO.0.C	4.72441
0.16068981870734342	0.5917085197284253	0.18010507551009486	0.06749658605413648
0.42085425986421265	0.11797625374129023	0.1917542295917457	0.2694152568027514
0.20340338367339658	0.14904066462569254	0.506281389796319	0.14127456190459198
0.3354271299321063	0.3198949244899052	0.16845592142844398	0.17622202414954455
0.09856099693853879	0.8363407554430935	0.04808132925138506	0.017016918366982756
0.7975102418375906	0.06749658605413648	0.04808132925138506	0.08691184285688792
0.15680676734679314	0.5994746224495259	0.1296254078229411	0.11409320238073994
0.2538830513605503	0.05973048333303592	0.6344220846944785	0.05196438061193535
0.09856099693853879	0.12185930510184052	0.04808132925138506	0.7314983687082357
0.09079489421743822	0.02866607244863362	0.8479899095247443	0.03254912380918391
0.39755595170091096	0.3121288217688046	0.18010507551009486	0.11021015102018966
0.36649154081650864	0.24223389727889946	0.2810644108844023	0.11021015102018966
0.22281864047614802	0.38590679761926006	0.2888305136055029	0.10244404829908908
0.48686613299356757	0.29659661632660345	0.02866607244863362	0.18787117823119542
>vdbYCCCMWGGGRvh	COE1_HUMAN.H11MO.0.A	4.05181
0.4159375266066365	0.20258927811238958	0.20061383136707248	0.18085936391390148
0.4179129733519536	0.0919642603746319	0.27172991419848813	0.2183928520749264
0.11962051480907132	0.25592634023595134	0.4119866331160023	0.21246651183897508
0.06035711244955828	0.20258927811238955	0.026774517779167565	0.7102790916588845
0.005044603580679456	0.9809152957673274	0.005044603580679456	0.00899549707131366
0.016897284052582062	0.8070759821794224	0.003069156835362354	0.17295757693263306
0.00899549707131366	0.9374554673703511	0.005044603580679456	0.04850443197765568
0.25	0.6194085413742979	0.04257809174170438	0.0880133668839977
0.6687947100072253	0.01689728405258206	0.01492183730726496	0.2993861686329275
0.020848177543216263	0.003069156835362354	0.973013508786059	0.003069156835362354
0.2480245532546829	0.005044603580679456	0.7181808786401529	0.028749964524484667
0.00899549707131366	0.007020050325996556	0.9809152957673274	0.003069156835362354
0.6529911360446885	0.04850443197765567	0.2559263402359513	0.04257809174170437
0.22036829882024347	0.4317411005691733	0.25395089349063416	0.093939707119949
0.21246651183897505	0.3507477840111721	0.09393970711994899	0.3428459970299037
>vRRRbvRRAGGKCAdvv	COT1_HUMAN.H11MO.0.C	4.46536
0.18085936391390145	0.14727676924351074	0.5364397780709796	0.13542408877160814
0.2875334881610249	0.07616068641209509	0.5463170117975651	0.0899888136293148
0.24802455325468287	0.0801115799027293	0.5878013934492242	0.0840624733933635
0.20851561834834087	0.11962051480907131	0.5858259467039071	0.0860379201386806
0.08801336688399769	0.15122766273414495	0.3606250177377576	0.4001339526440996
0.13344864202629103	0.4732254822208324	0.289508934906342	0.10381694084653449
0.6273103283555663	0.11369417457312002	0.1946874911311212	0.0643080059401925
0.4100111863706852	0.05047987872297278	0.5206362041084428	0.01887273079789916
0.7201563253854699	0.003069156835362354	0.269754467453171	0.007020050325996555
0.020848177543216263	0.003069156835362354	0.9038728726999604	0.0722097929214609
0.018872730797899164	0.01294639056194786	0.953259041332888	0.014921837307264962
0.012946390561947858	0.0801115799027293	0.2796317011797565	0.6273103283555662
0.06825889943082669	0.85646215081235	0.044553538487021475	0.03072541126980177
0.9512835945875708	0.007020050325996556	0.018872730797899164	0.022823624288533365
0.20456472485770666	0.12752230179033971	0.5147098638724915	0.15320310947946203
0.2262946390561948	0.18481025740453566	0.4910045029286863	0.0978906006105832
0.18678570414985277	0.16900668344199887	0.5028571834005889	0.14135042900755945
>vMRAGGTCAdvdd	COT2_HUMAN.H11MO.0.A	5.10141
0.1895589342625108	0.4676598159491768	0.18622661143825098	0.15655463835006148
0.6616796553274038	0.1504571977267564	0.0870841069781353	0.10077903996770436
0.5277469745132735	0.07643597383352195	0.3427883304490051	0.0530287212041994
0.7269266831975847	0.005135460570478768	0.2590554551702685	0.008882401061667943
0.010486096645258984	0.0030691568353623635	0.9722235608998172	0.014221185619561445
0.03810723757097878	0.010403690212433273	0.8957191273688403	0.05576994484774759
0.010486572311526101	0.0525719461684964	0.08379969826366648	0.8531417832563111
0.004865997182751233	0.9175032238844114	0.024534150143649274	0.05309662878918823
0.9793909910889932	0.0030691568353623635	0.010913135669177563	0.006626716406466874
0.37206845102379615	0.12252447484444987	0.3760157209377768	0.1293913531939772
0.40698724854443297	0.1182616755131683	0.3817097432682823	0.09304133267411659
0.2132778264790714	0.05983463719582502	0.5609994550693714	0.16588808125573204
0.2327858619950783	0.12886988765321186	0.3783441394220626	0.26000011092964725
>ndRTGACGYhW	CREB1_HUMAN.H11MO.0.A	4.136895
0.28160714792507363	0.2855580414157078	0.15320310947946203	0.2796317011797565
0.3448214437752209	0.0978906006105832	0.4238393135879049	0.13344864202629106
0.5068080768912231	0.044553538487021475	0.43371654731449033	0.01492183730726496
0.007020050325996556	0.026774517779167565	0.01294639056194786	0.953259041332888
0.01097094381663076	0.00899549707131366	0.9690626152954247	0.01097094381663076
